OTU,percentage_identity,isolate
Treponema_2_630,,no_isolate
Treponema_2_631,,no_isolate
Treponema_2_632,,no_isolate
Treponema_2_633,,no_isolate
Treponema_2_634,,no_isolate
Treponema_2_641,,no_isolate
Treponema_2_643,,no_isolate
Treponema_2_645,,no_isolate
Treponema_2_646,,no_isolate
Treponema_2_650,,no_isolate
Treponema_2_652,,no_isolate
Treponema_2_655,,no_isolate
Treponema_2_656,,no_isolate
Treponema_2_657,,no_isolate
Treponema_2_659,,no_isolate
Treponema_2_660,,no_isolate
Treponema_2_661,,no_isolate
Treponema_2_662,,no_isolate
Treponema_2_665,,no_isolate
Treponema_2_666,,no_isolate
Treponema_2_669,,no_isolate
Treponema_2_673,,no_isolate
Treponema_2_678,,no_isolate
Treponema_2_679,,no_isolate
Treponema_2_680,,no_isolate
Treponema_2_684,,no_isolate
Treponema_2_687,,no_isolate
Treponema_2_695,,no_isolate
Treponema_2_697,,no_isolate
Treponema_2_701,,no_isolate
Treponema_2_702,,no_isolate
Treponema_2_706,,no_isolate
Treponema_2_708,,no_isolate
Treponema_2_709,,no_isolate
Treponema_2_710,,no_isolate
Treponema_2_711,,no_isolate
Treponema_2_712,,no_isolate
Treponema_2_716,,no_isolate
Treponema_2_724,,no_isolate
Treponema_2_726,,no_isolate
Treponema_2_727,,no_isolate
[Eubacterium]_xylanophilum_group_807,,no_isolate
[Eubacterium]_hallii_group_813,,no_isolate
[Eubacterium]_hallii_group_816,,no_isolate
Coprococcus_2_817,,no_isolate
Anaerostipes_823,,no_isolate
Anaerostipes_824,,no_isolate
Defluviitaleaceae_UCG-011_828,,no_isolate
[Eubacterium]_ruminantium_group_833,,no_isolate
Lachnospiraceae_835,,no_isolate
Lachnospiraceae_UCG-001_836,,no_isolate
Lachnospiraceae_UCG-001_839,,no_isolate
Lachnospiraceae_UCG-001_841,,no_isolate
Lachnospiraceae_846,,no_isolate
Lachnospiraceae_ND3007_group_848,,no_isolate
[Eubacterium]_xylanophilum_group_856,,no_isolate
GCA-900066575_863,,no_isolate
Lachnospiraceae_865,,no_isolate
Ruminiclostridium_872,,no_isolate
Ruminiclostridium_873,,no_isolate
Ruminiclostridium_874,,no_isolate
Ruminiclostridium_875,,no_isolate
Ruminiclostridium_876,,no_isolate
Ruminiclostridium_880,,no_isolate
Oscillibacter_883,,no_isolate
Ruminococcaceae_885,,no_isolate
Oscillibacter_887,,no_isolate
Oscillibacter_889,,no_isolate
Oscillibacter_890,,no_isolate
Oscillibacter_892,,no_isolate
Oscillibacter_894,,no_isolate
Ruminococcaceae_898,,no_isolate
Ruminococcaceae_UCG-002_903,,no_isolate
Ruminococcaceae_UCG-002_905,,no_isolate
Ruminococcaceae_UCG-002_906,,no_isolate
Ruminococcaceae_UCG-002_907,,no_isolate
Ruminiclostridium_9_911,,no_isolate
Ruminococcaceae_914,,no_isolate
Ruminococcaceae_917,,no_isolate
Ruminococcaceae_921,,no_isolate
Ruminococcaceae_922,,no_isolate
Ruminococcaceae_923,,no_isolate
Flavonifractor_924,,no_isolate
Ruminococcaceae_925,,no_isolate
Ruminococcaceae_926,,no_isolate
Ruminococcaceae_928,,no_isolate
Butyricicoccus_934,,no_isolate
Ruminococcaceae_UCG-009_937,,no_isolate
Ruminiclostridium_9_938,,no_isolate
Ruminiclostridium_9_939,,no_isolate
Ruminococcaceae_UCG-005_947,,no_isolate
Ruminococcaceae_NK4A214_group_950,,no_isolate
Mucispirillum_989,,no_isolate
Christensenellaceae_R-7_group_1003,,no_isolate
Faecalibacterium_1013,,no_isolate
Faecalibacterium_1025,,no_isolate
Faecalibacterium_1027,,no_isolate
Faecalibacterium_1030,,no_isolate
Subdoligranulum_1036,,no_isolate
Subdoligranulum_1044,,no_isolate
Subdoligranulum_1048,,no_isolate
Ruminococcaceae_1053,,no_isolate
Ruminococcaceae_1062,,no_isolate
CAG-352_1069,,no_isolate
Ruminiclostridium_5_1076,,no_isolate
Ruminiclostridium_5_1080,,no_isolate
Ruminiclostridium_5_1081,,no_isolate
Ruminococcus_2_1083,,no_isolate
Ruminococcus_2_1086,,no_isolate
[Eubacterium]_coprostanoligenes_group_1092,,no_isolate
[Eubacterium]_coprostanoligenes_group_1096,,no_isolate
Ruminococcus_1_1102,,no_isolate
[Eubacterium]_coprostanoligenes_group_1107,,no_isolate
Clostridiales_vadinBB60_group_1112,,no_isolate
Christensenellaceae_R-7_group_1118,,no_isolate
Clostridium_sensu_stricto_1_1138,,no_isolate
Sarcina_1145,,no_isolate
Clostridiales_vadinBB60_group_1147,,no_isolate
Clostridiales_vadinBB60_group_1149,,no_isolate
Clostridiales_vadinBB60_group_1152,,no_isolate
Ruminococcaceae_UCG-014_1154,,no_isolate
Ruminococcaceae_UCG-014_1165,,no_isolate
Ruminococcaceae_UCG-014_1166,,no_isolate
Ruminococcaceae_UCG-014_1169,,no_isolate
Ruminococcaceae_UCG-014_1170,,no_isolate
Ruminococcaceae_UCG-014_1173,,no_isolate
Ruminococcaceae_UCG-014_1175,,no_isolate
Ruminococcaceae_UCG-014_1180,,no_isolate
Ruminococcaceae_UCG-014_1182,,no_isolate
Ruminococcaceae_UCG-014_1186,,no_isolate
Peptococcus_1208,,no_isolate
Alicyclobacillaceae_1210,,no_isolate
Gemmatirosa_1224,,no_isolate
Gemmatimonadaceae_1225,,no_isolate
Stenotrophomonas_1294,,no_isolate
Stenotrophomonas_1295,,no_isolate
Stenotrophomonas_1304,,no_isolate
Stenotrophomonas_1322,,no_isolate
Stenotrophomonas_1324,,no_isolate
Stenotrophomonas_1325,,no_isolate
Stenotrophomonas_1339,,no_isolate
Stenotrophomonas_1340,,no_isolate
Xanthomonas_1376,,no_isolate
Pseudoxanthomonas_1378,,no_isolate
Pseudoxanthomonas_1379,,no_isolate
Pseudoxanthomonas_1382,,no_isolate
Vulcaniibacterium_1392,,no_isolate
Rhodanobacteraceae_1411,,no_isolate
Rhodanobacteraceae_1412,,no_isolate
Helicobacter_1422,,no_isolate
Helicobacter_1423,,no_isolate
Campylobacter_1428,,no_isolate
Campylobacter_1429,,no_isolate
Campylobacter_1430,,no_isolate
Campylobacter_1432,,no_isolate
Campylobacter_1434,,no_isolate
Campylobacter_1440,,no_isolate
Campylobacter_1443,,no_isolate
Campylobacter_1445,,no_isolate
Campylobacter_1446,,no_isolate
Campylobacter_1452,,no_isolate
Campylobacter_1453,,no_isolate
Coxiella_1463,,no_isolate
Vibrio_1473,,no_isolate
Photobacterium_1478,,no_isolate
Vibrio_1488,,no_isolate
Vibrio_1505,,no_isolate
Vibrio_1511,,no_isolate
Vibrio_1514,,no_isolate
Vibrio_1519,,no_isolate
Vibrio_1525,,no_isolate
Vibrio_1527,,no_isolate
Vibrio_1530,,no_isolate
Vibrio_1533,,no_isolate
Vibrio_1536,,no_isolate
Salmonella_1579,,no_isolate
Citrobacter_1586,,no_isolate
Pantoea_1600,,no_isolate
Aeromonas_1603,,no_isolate
Proteus_1605,,no_isolate
Serratia_1609,,no_isolate
Enterobacteriaceae_1611,,no_isolate
Enterobacteriaceae_1613,,no_isolate
Enterobacteriaceae_1618,,no_isolate
Pantoea_1621,,no_isolate
Citrobacter_1628,,no_isolate
Enterobacter_1634,,no_isolate
Enterobacteriaceae_1636,,no_isolate
Enterobacteriaceae_1643,,no_isolate
Burkholderia-Caballeronia-Paraburkholderia_1685,,no_isolate
Cellvibrio_1693,,no_isolate
Acidibacter_1710,,no_isolate
Legionella_1718,,no_isolate
Pseudomonas_1760,,no_isolate
Pseudomonas_1766,,no_isolate
Pseudomonas_1767,,no_isolate
Pseudomonas_1771,,no_isolate
Pseudomonas_1777,,no_isolate
Pseudomonas_1788,,no_isolate
Pseudomonas_1819,,no_isolate
Pseudomonas_1822,,no_isolate
Pseudomonas_1823,,no_isolate
Pseudomonas_1831,,no_isolate
Pseudomonas_1838,,no_isolate
Pseudomonas_1846,,no_isolate
Pseudomonas_1851,,no_isolate
Pseudomonas_1860,,no_isolate
Pseudomonas_1861,,no_isolate
Pseudomonas_1868,,no_isolate
Pseudomonas_1869,,no_isolate
Pseudomonas_1871,,no_isolate
Pseudomonas_1872,,no_isolate
Pseudomonas_1888,,no_isolate
Pseudomonas_1889,,no_isolate
Pseudomonas_1919,,no_isolate
Pseudomonas_1920,,no_isolate
Pseudomonas_1921,,no_isolate
Pseudomonas_1951,,no_isolate
Pseudomonas_1957,,no_isolate
Pseudomonas_1959,,no_isolate
Pseudomonas_1960,,no_isolate
Pseudomonas_1963,,no_isolate
Succinivibrio_1989,,no_isolate
Cardiobacterium_1991,,no_isolate
Cardiobacterium_1992,,no_isolate
Cardiobacterium_1995,,no_isolate
Cardiobacterium_1997,,no_isolate
Rickettsiella_2038,,no_isolate
0319-6G20_2041,,no_isolate
0319-6G20_2042,,no_isolate
Roseomonas_2045,,no_isolate
Acetobacteraceae_2060,,no_isolate
Fastidiosipila_2079,,no_isolate
Desulfobulbus_2080,,no_isolate
uncultured_2094,,no_isolate
Desulfovibrio_2104,,no_isolate
Desulfovibrio_2105,,no_isolate
Desulfovibrio_2108,,no_isolate
Desulfovibrionaceae_2112,,no_isolate
Desulfomicrobium_2114,,no_isolate
OM27_clade_2119,,no_isolate
Polyangiaceae_2120,,no_isolate
Pajaroellobacter_2125,,no_isolate
Syntrophaceae_2151,,no_isolate
Skermanella_2154,,no_isolate
Sphingomonas_2171,,no_isolate
Sphingomonas_2203,,no_isolate
Sphingomonas_2209,,no_isolate
Sphingomonas_2224,,no_isolate
Sphingomonas_2226,,no_isolate
Sphingomonas_2228,,no_isolate
Sphingomonas_2232,,no_isolate
Novosphingobium_2265,,no_isolate
Sphingobium_2273,,no_isolate
Sphingobium_2278,,no_isolate
Porphyrobacter_2281,,no_isolate
Methylobacterium_2303,,no_isolate
Methylobacterium_2304,,no_isolate
Bosea_2307,,no_isolate
Bosea_2310,,no_isolate
Phreatobacter_2314,,no_isolate
Bradyrhizobium_2333,,no_isolate
Bradyrhizobium_2337,,no_isolate
Bradyrhizobium_2347,,no_isolate
Xanthobacteraceae_2350,,no_isolate
Xanthobacter_2352,,no_isolate
Beijerinckiaceae_2361,,no_isolate
Methylobacterium_2364,,no_isolate
Methylobacterium_2368,,no_isolate
Microvirga_2369,,no_isolate
Microvirga_2370,,no_isolate
Microvirga_2374,,no_isolate
Brevundimonas_2386,,no_isolate
Caulobacteraceae_2396,,no_isolate
Phenylobacterium_2400,,no_isolate
Caulobacter_2408,,no_isolate
Mesorhizobium_2417,,no_isolate
Mesorhizobium_2418,,no_isolate
Ochrobactrum_2425,,no_isolate
Ochrobactrum_2426,,no_isolate
Ochrobactrum_2434,,no_isolate
Ochrobactrum_2449,,no_isolate
Rhizobiaceae_2465,,no_isolate
Allorhizobium-Neorhizobium-Pararhizobium-Rhizobium_2467,,no_isolate
Allorhizobium-Neorhizobium-Pararhizobium-Rhizobium_2470,,no_isolate
Allorhizobium-Neorhizobium-Pararhizobium-Rhizobium_2473,,no_isolate
Allorhizobium-Neorhizobium-Pararhizobium-Rhizobium_2476,,no_isolate
Allorhizobium-Neorhizobium-Pararhizobium-Rhizobium_2478,,no_isolate
Mesorhizobium_2479,,no_isolate
Pedomicrobium_2492,,no_isolate
Pedomicrobium_2498,,no_isolate
Allorhizobium-Neorhizobium-Pararhizobium-Rhizobium_2506,,no_isolate
Allorhizobium-Neorhizobium-Pararhizobium-Rhizobium_2508,,no_isolate
Rhizobiaceae_2513,,no_isolate
Phyllobacterium_2523,,no_isolate
Stappiaceae_2524,,no_isolate
Paracoccus_2529,,no_isolate
Paracoccus_2531,,no_isolate
Paracoccus_2532,,no_isolate
Paracoccus_2535,,no_isolate
Paracoccus_2536,,no_isolate
Paracoccus_2537,,no_isolate
Paracoccus_2538,,no_isolate
Paracoccus_2542,,no_isolate
Rubellimicrobium_2545,,no_isolate
Rhodobacteraceae_2550,,no_isolate
Rubellimicrobium_2552,,no_isolate
Rhodobacteraceae_2562,,no_isolate
Rhodobacter_2563,,no_isolate
Rhodobacteraceae_2564,,no_isolate
Paracoccus_2566,,no_isolate
Paracoccus_2567,,no_isolate
Rhodobacteraceae_2570,,no_isolate
Rubellimicrobium_2572,,no_isolate
Mesorhizobium_2580,,no_isolate
Mesorhizobium_2582,,no_isolate
Akkermansia_2744,,no_isolate
Akkermansia_2746,,no_isolate
Akkermansia_2750,,no_isolate
Schlesneria_2775,,no_isolate
Fimbriiglobus_2782,,no_isolate
Olsenella_2837,,no_isolate
Olsenella_2842,,no_isolate
Olsenella_2843,,no_isolate
Olsenella_2853,,no_isolate
Atopobium_2856,,no_isolate
Collinsella_2868,,no_isolate
Collinsella_2869,,no_isolate
Eggerthellaceae_2874,,no_isolate
Eggerthellaceae_2884,,no_isolate
Eggerthellaceae_2885,,no_isolate
Eggerthellaceae_2887,,no_isolate
Eggerthellaceae_2888,,no_isolate
Enterorhabdus_2893,,no_isolate
Senegalimassilia_2897,,no_isolate
Slackia_2900,,no_isolate
Olsenella_2913,,no_isolate
Thermus_2929,,no_isolate
Chloroflexaceae_2931,,no_isolate
Deinococcus_2955,,no_isolate
Deinococcus_2957,,no_isolate
Deinococcus_2971,,no_isolate
Deinococcus_2973,,no_isolate
Deinococcus_2977,,no_isolate
Ruminococcaceae_2992,,no_isolate
Mycoplasma_3076,,no_isolate
Mycoplasma_3077,,no_isolate
Mycoplasma_3080,,no_isolate
Mycoplasma_3082,,no_isolate
Mycoplasma_3086,,no_isolate
Candidatus_Saccharimonas_3142,,no_isolate
Saccharimonadaceae_3154,,no_isolate
Saccharimonadaceae_3155,,no_isolate
Saccharimonadaceae_3156,,no_isolate
Saccharimonadaceae_3158,,no_isolate
Saccharimonadaceae_3159,,no_isolate
Saccharimonadaceae_3162,,no_isolate
Saccharimonadaceae_3166,,no_isolate
Saccharimonadaceae_3167,,no_isolate
Saccharimonadaceae_3168,,no_isolate
Candidatus_Saccharimonas_3171,,no_isolate
Candidatus_Saccharimonas_3172,,no_isolate
Candidatus_Saccharimonas_3174,,no_isolate
Saccharimonadaceae_3176,,no_isolate
Saccharimonadaceae_3177,,no_isolate
Saccharimonadaceae_3180,,no_isolate
Rikenellaceae_RC9_gut_group_3199,,no_isolate
Rikenellaceae_RC9_gut_group_3200,,no_isolate
Rikenellaceae_RC9_gut_group_3203,,no_isolate
Rikenellaceae_RC9_gut_group_3205,,no_isolate
Rikenellaceae_RC9_gut_group_3208,,no_isolate
Rikenellaceae_RC9_gut_group_3209,,no_isolate
Rikenellaceae_RC9_gut_group_3213,,no_isolate
Rikenellaceae_RC9_gut_group_3214,,no_isolate
Pedobacter_3239,,no_isolate
Mucilaginibacter_3250,,no_isolate
Lentimicrobiaceae_3257,,no_isolate
Lentimicrobiaceae_3266,,no_isolate
Lentimicrobiaceae_3268,,no_isolate
Lentimicrobiaceae_3271,,no_isolate
Lentimicrobiaceae_3272,,no_isolate
Lentimicrobiaceae_3273,,no_isolate
Chitinophagaceae_3306,,no_isolate
Chitinophagaceae_3311,,no_isolate
Chitinophagaceae_3315,,no_isolate
Chitinophagaceae_3316,,no_isolate
Chitinophagaceae_3326,,no_isolate
env.OPS_17_3352,,no_isolate
F0058_3372,,no_isolate
F0058_3374,,no_isolate
Odoribacter_3383,,no_isolate
Porphyromonas_3392,,no_isolate
Porphyromonas_3395,,no_isolate
Muribaculaceae_3411,,no_isolate
Muribaculaceae_3429,,no_isolate
Muribaculaceae_3432,,no_isolate
Muribaculaceae_3443,,no_isolate
Muribaculaceae_3450,,no_isolate
Muribaculaceae_3463,,no_isolate
Porphyromonas_3471,,no_isolate
Porphyromonas_3577,,no_isolate
Porphyromonas_3638,,no_isolate
Porphyromonas_3639,,no_isolate
Porphyromonas_3640,,no_isolate
Porphyromonas_3641,,no_isolate
Porphyromonas_3642,,no_isolate
Porphyromonas_3645,,no_isolate
Porphyromonas_3662,,no_isolate
Porphyromonas_3663,,no_isolate
Porphyromonas_3686,,no_isolate
Porphyromonas_3714,,no_isolate
Porphyromonas_3716,,no_isolate
Porphyromonas_3720,,no_isolate
Porphyromonas_3721,,no_isolate
Porphyromonas_3727,,no_isolate
Porphyromonas_3798,,no_isolate
Porphyromonas_3811,,no_isolate
Porphyromonas_3842,,no_isolate
Porphyromonas_3843,,no_isolate
Porphyromonas_3848,,no_isolate
Porphyromonas_3849,,no_isolate
Porphyromonas_3850,,no_isolate
Porphyromonas_3851,,no_isolate
Porphyromonas_3852,,no_isolate
Tannerella_3857,,no_isolate
Tannerella_3876,,no_isolate
Parabacteroides_3914,,no_isolate
Parabacteroides_3916,,no_isolate
Capnocytophaga_3920,,no_isolate
Capnocytophaga_3954,,no_isolate
Capnocytophaga_3966,,no_isolate
Capnocytophaga_3967,,no_isolate
Capnocytophaga_3968,,no_isolate
Capnocytophaga_3969,,no_isolate
Capnocytophaga_3990,,no_isolate
Capnocytophaga_3991,,no_isolate
Capnocytophaga_4019,,no_isolate
Capnocytophaga_4025,,no_isolate
Bergeyella_4030,,no_isolate
Bergeyella_4037,,no_isolate
Bergeyella_4046,,no_isolate
Cloacibacterium_4063,,no_isolate
Bergeyella_4065,,no_isolate
Bergeyella_4073,,no_isolate
Chryseobacterium_4099,,no_isolate
Chryseobacterium_4100,,no_isolate
Blattabacterium_4103,,no_isolate
Moheibacter_4104,,no_isolate
Empedobacter_4107,,no_isolate
Flavobacterium_4112,,no_isolate
Flavobacterium_4114,,no_isolate
Flavobacterium_4117,,no_isolate
Flavobacterium_4119,,no_isolate
Flavobacterium_4123,,no_isolate
Flavobacterium_4126,,no_isolate
Flavobacterium_4131,,no_isolate
Flavobacterium_4133,,no_isolate
Capnocytophaga_4203,,no_isolate
Capnocytophaga_4214,,no_isolate
Capnocytophaga_4216,,no_isolate
Capnocytophaga_4217,,no_isolate
Capnocytophaga_4218,,no_isolate
Capnocytophaga_4219,,no_isolate
Capnocytophaga_4222,,no_isolate
Capnocytophaga_4223,,no_isolate
Capnocytophaga_4224,,no_isolate
Capnocytophaga_4225,,no_isolate
Capnocytophaga_4228,,no_isolate
Capnocytophaga_4232,,no_isolate
Capnocytophaga_4233,,no_isolate
Capnocytophaga_4239,,no_isolate
Capnocytophaga_4246,,no_isolate
Capnocytophaga_4248,,no_isolate
Capnocytophaga_4249,,no_isolate
Capnocytophaga_4287,,no_isolate
Capnocytophaga_4302,,no_isolate
Capnocytophaga_4310,,no_isolate
Capnocytophaga_4337,,no_isolate
Capnocytophaga_4341,,no_isolate
Capnocytophaga_4342,,no_isolate
Capnocytophaga_4344,,no_isolate
Capnocytophaga_4345,,no_isolate
Alistipes_4437,,no_isolate
Alistipes_4438,,no_isolate
Alistipes_4440,,no_isolate
Alistipes_4444,,no_isolate
Adhaeribacter_4458,,no_isolate
Hymenobacter_4470,,no_isolate
Spirosomaceae_4486,,no_isolate
Catenibacterium_4527,,no_isolate
Erysipelotrichaceae_UCG-003_4529,,no_isolate
Erysipelatoclostridium_4531,,no_isolate
Acholeplasma_4564,,no_isolate
Acholeplasma_4567,,no_isolate
Acholeplasma_4568,,no_isolate
Anaeroplasma_4569,,no_isolate
Solobacterium_4582,,no_isolate
Solobacterium_4671,,no_isolate
Solobacterium_4673,,no_isolate
Solobacterium_4675,,no_isolate
Erysipelotrichaceae_UCG-007_4687,,no_isolate
Phascolarctobacterium_4692,,no_isolate
Fretibacterium_4697,,no_isolate
Fretibacterium_4700,,no_isolate
Fretibacterium_4702,,no_isolate
Family_XIII_4728,,no_isolate
Family_XIII_4729,,no_isolate
[Eubacterium]_brachy_group_4730,,no_isolate
Family_XIII_4735,,no_isolate
[Eubacterium]_nodatum_group_4741,,no_isolate
[Eubacterium]_nodatum_group_4742,,no_isolate
Mogibacterium_4753,,no_isolate
Mogibacterium_4754,,no_isolate
Mogibacterium_4758,,no_isolate
Family_XIII_4761,,no_isolate
[Eubacterium]_nodatum_group_4763,,no_isolate
Family_XIII_UCG-001_4767,,no_isolate
Family_XIII_UCG-001_4768,,no_isolate
Peptostreptococcaceae_4771,,no_isolate
Peptostreptococcaceae_4772,,no_isolate
Peptostreptococcaceae_4773,,no_isolate
[Eubacterium]_yurii_group_4775,,no_isolate
[Eubacterium]_yurii_group_4777,,no_isolate
[Eubacterium]_yurii_group_4779,,no_isolate
Finegoldia_4791,,no_isolate
Peptoniphilus_4798,,no_isolate
Peptoniphilus_4800,,no_isolate
Peptoniphilus_4807,,no_isolate
Peptoniphilus_4808,,no_isolate
Peptoniphilus_4810,,no_isolate
Peptoniphilus_4811,,no_isolate
W5053_4814,,no_isolate
W5053_4816,,no_isolate
Family_XI_4818,,no_isolate
Family_XI_4820,,no_isolate
Anaerococcus_4823,,no_isolate
Anaerococcus_4824,,no_isolate
Anaerococcus_4830,,no_isolate
Anaerococcus_4831,,no_isolate
Anaerococcus_4832,,no_isolate
Anaerococcus_4834,,no_isolate
Anaerococcus_4835,,no_isolate
Anaerococcus_4836,,no_isolate
Anaerococcus_4837,,no_isolate
Anaerococcus_4838,,no_isolate
Anaerococcus_4842,,no_isolate
Anaerococcus_4843,,no_isolate
W5053_4847,,no_isolate
[Clostridium]_innocuum_group_4855,,no_isolate
Holdemanella_4861,,no_isolate
Filifactor_4868,,no_isolate
Peptostreptococcaceae_4881,,no_isolate
Terrisporobacter_4884,,no_isolate
Romboutsia_4885,,no_isolate
Peptostreptococcus_4895,,no_isolate
Peptostreptococcus_4896,,no_isolate
Peptostreptococcus_4897,,no_isolate
Parvimonas_4927,,no_isolate
Parvimonas_4930,,no_isolate
Parvimonas_4940,,no_isolate
Parvimonas_4941,,no_isolate
Parvimonas_4944,,no_isolate
Parvimonas_4951,,no_isolate
Parvimonas_4953,,no_isolate
Parvimonas_4955,,no_isolate
Gemella_5133,99.517,Gemella n.sp. 27098_8_149
Gemella_5133,99.517,Gemella n.sp. 27098_8_155
Gemella_5133,99.517,Gemella n.sp. 27098_8_92
Gemella_5133,99.517,Gemella sanguinis_ 20925_1_41
Gemella_5133,99.517,Gemella sanguinis 20925_1_65
Gemella_5133,99.517,Gemella sanguinis 20925_1_66
Gemella_5133,99.517,Gemella sanguinis 27098_8_105
Gemella_5133,99.517,Gemella sanguinis 27098_8_106
Gemella_5135,99.517,Gemella n.sp. 27098_8_149
Gemella_5135,99.517,Gemella n.sp. 27098_8_155
Gemella_5135,99.517,Gemella n.sp. 27098_8_92
Gemella_5135,99.517,Gemella sanguinis_ 20925_1_41
Gemella_5135,99.517,Gemella sanguinis 20925_1_65
Gemella_5135,99.517,Gemella sanguinis 20925_1_66
Gemella_5135,99.517,Gemella sanguinis 27098_8_105
Gemella_5135,99.517,Gemella sanguinis 27098_8_106
Gemella_5138,99.517,Gemella n.sp. 27098_8_149
Gemella_5138,99.517,Gemella n.sp. 27098_8_155
Gemella_5138,99.517,Gemella n.sp. 27098_8_92
Gemella_5138,99.517,Gemella sanguinis_ 20925_1_41
Gemella_5138,99.517,Gemella sanguinis 20925_1_65
Gemella_5138,99.517,Gemella sanguinis 20925_1_66
Gemella_5138,99.517,Gemella sanguinis 27098_8_105
Gemella_5138,99.517,Gemella sanguinis 27098_8_106
Gemella_5139,100,Gemella n.sp. 27098_8_149
Gemella_5139,100,Gemella n.sp. 27098_8_155
Gemella_5139,100,Gemella n.sp. 27098_8_92
Gemella_5139,100,Gemella sanguinis_ 20925_1_41
Gemella_5139,100,Gemella sanguinis 20925_1_65
Gemella_5139,100,Gemella sanguinis 20925_1_66
Gemella_5139,100,Gemella sanguinis 27098_8_105
Gemella_5139,100,Gemella sanguinis 27098_8_106
Gemella_5140,99.517,Gemella n.sp. 27098_8_149
Gemella_5140,99.517,Gemella n.sp. 27098_8_155
Gemella_5140,99.517,Gemella n.sp. 27098_8_92
Gemella_5140,99.517,Gemella sanguinis_ 20925_1_41
Gemella_5140,99.517,Gemella sanguinis 20925_1_65
Gemella_5140,99.517,Gemella sanguinis 20925_1_66
Gemella_5140,99.517,Gemella sanguinis 27098_8_105
Gemella_5140,99.517,Gemella sanguinis 27098_8_106
Gemella_5143,99.034,Gemella n.sp. 27098_8_149
Gemella_5143,99.034,Gemella n.sp. 27098_8_155
Gemella_5143,99.034,Gemella n.sp. 27098_8_92
Gemella_5143,99.034,Gemella sanguinis_ 20925_1_41
Gemella_5143,99.034,Gemella sanguinis 20925_1_65
Gemella_5143,99.034,Gemella sanguinis 20925_1_66
Gemella_5143,99.034,Gemella sanguinis 27098_8_105
Gemella_5143,99.034,Gemella sanguinis 27098_8_106
Gemella_5145,99.517,Gemella n.sp. 27098_8_149
Gemella_5145,99.517,Gemella n.sp. 27098_8_155
Gemella_5145,99.517,Gemella n.sp. 27098_8_92
Gemella_5145,99.517,Gemella sanguinis_ 20925_1_41
Gemella_5145,99.517,Gemella sanguinis 20925_1_65
Gemella_5145,99.517,Gemella sanguinis 20925_1_66
Gemella_5145,99.517,Gemella sanguinis 27098_8_105
Gemella_5145,99.517,Gemella sanguinis 27098_8_106
Gemella_5146,99.517,Gemella n.sp. 27098_8_149
Gemella_5146,99.517,Gemella n.sp. 27098_8_155
Gemella_5146,99.517,Gemella n.sp. 27098_8_92
Gemella_5146,99.517,Gemella sanguinis_ 20925_1_41
Gemella_5146,99.517,Gemella sanguinis 20925_1_65
Gemella_5146,99.517,Gemella sanguinis 20925_1_66
Gemella_5146,99.517,Gemella sanguinis 27098_8_105
Gemella_5146,99.517,Gemella sanguinis 27098_8_106
Gemella_5150,99.517,Gemella n.sp. 27098_8_149
Gemella_5150,99.517,Gemella n.sp. 27098_8_155
Gemella_5150,99.517,Gemella n.sp. 27098_8_92
Gemella_5150,99.517,Gemella sanguinis_ 20925_1_41
Gemella_5150,99.517,Gemella sanguinis 20925_1_65
Gemella_5150,99.517,Gemella sanguinis 20925_1_66
Gemella_5150,99.517,Gemella sanguinis 27098_8_105
Gemella_5150,99.517,Gemella sanguinis 27098_8_106
Gemella_5153,99.034,Gemella n.sp. 27098_8_149
Gemella_5153,99.034,Gemella n.sp. 27098_8_155
Gemella_5153,99.034,Gemella n.sp. 27098_8_92
Gemella_5153,99.034,Gemella sanguinis_ 20925_1_41
Gemella_5153,99.034,Gemella sanguinis 20925_1_65
Gemella_5153,99.034,Gemella sanguinis 20925_1_66
Gemella_5153,99.034,Gemella sanguinis 27098_8_105
Gemella_5153,99.034,Gemella sanguinis 27098_8_106
Gemella_5161,99.517,Gemella n.sp. 27098_8_149
Gemella_5161,99.517,Gemella n.sp. 27098_8_155
Gemella_5161,99.517,Gemella n.sp. 27098_8_92
Gemella_5161,99.517,Gemella sanguinis_ 20925_1_41
Gemella_5161,99.517,Gemella sanguinis 20925_1_65
Gemella_5161,99.517,Gemella sanguinis 20925_1_66
Gemella_5161,99.517,Gemella sanguinis 27098_8_105
Gemella_5161,99.517,Gemella sanguinis 27098_8_106
Gemella_5162,99.517,Gemella n.sp. 27098_8_149
Gemella_5162,99.517,Gemella n.sp. 27098_8_155
Gemella_5162,99.517,Gemella n.sp. 27098_8_92
Gemella_5162,99.517,Gemella sanguinis_ 20925_1_41
Gemella_5162,99.517,Gemella sanguinis 20925_1_65
Gemella_5162,99.517,Gemella sanguinis 20925_1_66
Gemella_5162,99.517,Gemella sanguinis 27098_8_105
Gemella_5162,99.517,Gemella sanguinis 27098_8_106
Gemella_5163,99.517,Gemella n.sp. 27098_8_149
Gemella_5163,99.517,Gemella n.sp. 27098_8_155
Gemella_5163,99.517,Gemella n.sp. 27098_8_92
Gemella_5163,99.517,Gemella sanguinis_ 20925_1_41
Gemella_5163,99.517,Gemella sanguinis 20925_1_65
Gemella_5163,99.517,Gemella sanguinis 20925_1_66
Gemella_5163,99.517,Gemella sanguinis 27098_8_105
Gemella_5163,99.517,Gemella sanguinis 27098_8_106
Gemella_5164,99.034,Gemella n.sp. 27098_8_149
Gemella_5164,99.034,Gemella n.sp. 27098_8_155
Gemella_5164,99.034,Gemella n.sp. 27098_8_92
Gemella_5164,99.034,Gemella sanguinis_ 20925_1_41
Gemella_5164,99.034,Gemella sanguinis 20925_1_65
Gemella_5164,99.034,Gemella sanguinis 20925_1_66
Gemella_5164,99.034,Gemella sanguinis 27098_8_105
Gemella_5164,99.034,Gemella sanguinis 27098_8_106
Gemella_5165,99.517,Gemella n.sp. 27098_8_149
Gemella_5165,99.517,Gemella n.sp. 27098_8_155
Gemella_5165,99.517,Gemella n.sp. 27098_8_92
Gemella_5165,99.517,Gemella sanguinis_ 20925_1_41
Gemella_5165,99.517,Gemella sanguinis 20925_1_65
Gemella_5165,99.517,Gemella sanguinis 20925_1_66
Gemella_5165,99.517,Gemella sanguinis 27098_8_105
Gemella_5165,99.517,Gemella sanguinis 27098_8_106
Gemella_5168,99.034,Gemella n.sp. 27098_8_149
Gemella_5168,99.034,Gemella n.sp. 27098_8_155
Gemella_5168,99.034,Gemella n.sp. 27098_8_92
Gemella_5168,99.034,Gemella sanguinis_ 20925_1_41
Gemella_5168,99.034,Gemella sanguinis 20925_1_65
Gemella_5168,99.034,Gemella sanguinis 20925_1_66
Gemella_5168,99.034,Gemella sanguinis 27098_8_105
Gemella_5168,99.034,Gemella sanguinis 27098_8_106
Gemella_5171,99.517,Gemella n.sp. 27098_8_149
Gemella_5171,99.517,Gemella n.sp. 27098_8_155
Gemella_5171,99.517,Gemella n.sp. 27098_8_92
Gemella_5171,99.517,Gemella sanguinis_ 20925_1_41
Gemella_5171,99.517,Gemella sanguinis 20925_1_65
Gemella_5171,99.517,Gemella sanguinis 20925_1_66
Gemella_5171,99.517,Gemella sanguinis 27098_8_105
Gemella_5171,99.517,Gemella sanguinis 27098_8_106
Gemella_5180,99.517,Gemella n.sp. 27098_8_149
Gemella_5180,99.517,Gemella n.sp. 27098_8_155
Gemella_5180,99.517,Gemella n.sp. 27098_8_92
Gemella_5180,99.517,Gemella sanguinis_ 20925_1_41
Gemella_5180,99.517,Gemella sanguinis 20925_1_65
Gemella_5180,99.517,Gemella sanguinis 20925_1_66
Gemella_5180,99.517,Gemella sanguinis 27098_8_105
Gemella_5180,99.517,Gemella sanguinis 27098_8_106
Gemella_5182,99.517,Gemella n.sp. 27098_8_149
Gemella_5182,99.517,Gemella n.sp. 27098_8_155
Gemella_5182,99.517,Gemella n.sp. 27098_8_92
Gemella_5182,99.517,Gemella sanguinis_ 20925_1_41
Gemella_5182,99.517,Gemella sanguinis 20925_1_65
Gemella_5182,99.517,Gemella sanguinis 20925_1_66
Gemella_5182,99.517,Gemella sanguinis 27098_8_105
Gemella_5182,99.517,Gemella sanguinis 27098_8_106
Gemella_5183,99.517,Gemella n.sp. 27098_8_149
Gemella_5183,99.517,Gemella n.sp. 27098_8_155
Gemella_5183,99.517,Gemella n.sp. 27098_8_92
Gemella_5183,99.517,Gemella sanguinis_ 20925_1_41
Gemella_5183,99.517,Gemella sanguinis 20925_1_65
Gemella_5183,99.517,Gemella sanguinis 20925_1_66
Gemella_5183,99.517,Gemella sanguinis 27098_8_105
Gemella_5183,99.517,Gemella sanguinis 27098_8_106
Gemella_5184,99.517,Gemella n.sp. 27098_8_149
Gemella_5184,99.517,Gemella n.sp. 27098_8_155
Gemella_5184,99.517,Gemella n.sp. 27098_8_92
Gemella_5184,99.517,Gemella sanguinis_ 20925_1_41
Gemella_5184,99.517,Gemella sanguinis 20925_1_65
Gemella_5184,99.517,Gemella sanguinis 20925_1_66
Gemella_5184,99.517,Gemella sanguinis 27098_8_105
Gemella_5184,99.517,Gemella sanguinis 27098_8_106
Gemella_5185,99.517,Gemella n.sp. 27098_8_149
Gemella_5185,99.517,Gemella n.sp. 27098_8_155
Gemella_5185,99.517,Gemella n.sp. 27098_8_92
Gemella_5185,99.517,Gemella sanguinis_ 20925_1_41
Gemella_5185,99.517,Gemella sanguinis 20925_1_65
Gemella_5185,99.517,Gemella sanguinis 20925_1_66
Gemella_5185,99.517,Gemella sanguinis 27098_8_105
Gemella_5185,99.517,Gemella sanguinis 27098_8_106
Gemella_5186,99.517,Gemella n.sp. 27098_8_149
Gemella_5186,99.517,Gemella n.sp. 27098_8_155
Gemella_5186,99.517,Gemella n.sp. 27098_8_92
Gemella_5186,99.517,Gemella sanguinis_ 20925_1_41
Gemella_5186,99.517,Gemella sanguinis 20925_1_65
Gemella_5186,99.517,Gemella sanguinis 20925_1_66
Gemella_5186,99.517,Gemella sanguinis 27098_8_105
Gemella_5186,99.517,Gemella sanguinis 27098_8_106
Gemella_5187,99.517,Gemella n.sp. 27098_8_149
Gemella_5187,99.517,Gemella n.sp. 27098_8_155
Gemella_5187,99.517,Gemella n.sp. 27098_8_92
Gemella_5187,99.517,Gemella sanguinis_ 20925_1_41
Gemella_5187,99.517,Gemella sanguinis 20925_1_65
Gemella_5187,99.517,Gemella sanguinis 20925_1_66
Gemella_5187,99.517,Gemella sanguinis 27098_8_105
Gemella_5187,99.517,Gemella sanguinis 27098_8_106
Gemella_5188,99.517,Gemella n.sp. 27098_8_149
Gemella_5188,99.517,Gemella n.sp. 27098_8_155
Gemella_5188,99.517,Gemella n.sp. 27098_8_92
Gemella_5188,99.517,Gemella sanguinis_ 20925_1_41
Gemella_5188,99.517,Gemella sanguinis 20925_1_65
Gemella_5188,99.517,Gemella sanguinis 20925_1_66
Gemella_5188,99.517,Gemella sanguinis 27098_8_105
Gemella_5188,99.517,Gemella sanguinis 27098_8_106
Gemella_5189,99.517,Gemella n.sp. 27098_8_149
Gemella_5189,99.517,Gemella n.sp. 27098_8_155
Gemella_5189,99.517,Gemella n.sp. 27098_8_92
Gemella_5189,99.517,Gemella sanguinis_ 20925_1_41
Gemella_5189,99.517,Gemella sanguinis 20925_1_65
Gemella_5189,99.517,Gemella sanguinis 20925_1_66
Gemella_5189,99.517,Gemella sanguinis 27098_8_105
Gemella_5189,99.517,Gemella sanguinis 27098_8_106
Gemella_5190,99.517,Gemella n.sp. 27098_8_149
Gemella_5190,99.517,Gemella n.sp. 27098_8_155
Gemella_5190,99.517,Gemella n.sp. 27098_8_92
Gemella_5190,99.517,Gemella sanguinis_ 20925_1_41
Gemella_5190,99.517,Gemella sanguinis 20925_1_65
Gemella_5190,99.517,Gemella sanguinis 20925_1_66
Gemella_5190,99.517,Gemella sanguinis 27098_8_105
Gemella_5190,99.517,Gemella sanguinis 27098_8_106
Gemella_5193,99.517,Gemella n.sp. 27098_8_149
Gemella_5193,99.517,Gemella n.sp. 27098_8_155
Gemella_5193,99.517,Gemella n.sp. 27098_8_92
Gemella_5193,99.517,Gemella sanguinis_ 20925_1_41
Gemella_5193,99.517,Gemella sanguinis 20925_1_65
Gemella_5193,99.517,Gemella sanguinis 20925_1_66
Gemella_5193,99.517,Gemella sanguinis 27098_8_105
Gemella_5193,99.517,Gemella sanguinis 27098_8_106
Gemella_5194,99.517,Gemella n.sp. 27098_8_149
Gemella_5194,99.517,Gemella n.sp. 27098_8_155
Gemella_5194,99.517,Gemella n.sp. 27098_8_92
Gemella_5194,99.517,Gemella sanguinis_ 20925_1_41
Gemella_5194,99.517,Gemella sanguinis 20925_1_65
Gemella_5194,99.517,Gemella sanguinis 20925_1_66
Gemella_5194,99.517,Gemella sanguinis 27098_8_105
Gemella_5194,99.517,Gemella sanguinis 27098_8_106
Gemella_5198,99.517,Gemella n.sp. 27098_8_149
Gemella_5198,99.517,Gemella n.sp. 27098_8_155
Gemella_5198,99.517,Gemella n.sp. 27098_8_92
Gemella_5198,99.517,Gemella sanguinis_ 20925_1_41
Gemella_5198,99.517,Gemella sanguinis 20925_1_65
Gemella_5198,99.517,Gemella sanguinis 20925_1_66
Gemella_5198,99.517,Gemella sanguinis 27098_8_105
Gemella_5198,99.517,Gemella sanguinis 27098_8_106
Gemella_5200,97.101,Gemella n.sp. 27098_8_149
Gemella_5200,97.101,Gemella n.sp. 27098_8_155
Gemella_5200,97.101,Gemella n.sp. 27098_8_92
Gemella_5200,97.101,Gemella sanguinis_ 20925_1_41
Gemella_5200,97.101,Gemella sanguinis 20925_1_65
Gemella_5200,97.101,Gemella sanguinis 20925_1_66
Gemella_5200,97.101,Gemella sanguinis 27098_8_105
Gemella_5200,97.101,Gemella sanguinis 27098_8_106
Gemella_5201,97.101,Gemella n.sp. 27098_8_149
Gemella_5201,97.101,Gemella n.sp. 27098_8_155
Gemella_5201,97.101,Gemella n.sp. 27098_8_92
Gemella_5201,97.101,Gemella sanguinis_ 20925_1_41
Gemella_5201,97.101,Gemella sanguinis 20925_1_65
Gemella_5201,97.101,Gemella sanguinis 20925_1_66
Gemella_5201,97.101,Gemella sanguinis 27098_8_105
Gemella_5201,97.101,Gemella sanguinis 27098_8_106
Gemella_5204,96.618,Gemella n.sp. 27098_8_149
Gemella_5204,96.618,Gemella n.sp. 27098_8_155
Gemella_5204,96.618,Gemella n.sp. 27098_8_92
Gemella_5204,96.618,Gemella sanguinis_ 20925_1_41
Gemella_5204,96.618,Gemella sanguinis 20925_1_65
Gemella_5204,96.618,Gemella sanguinis 20925_1_66
Gemella_5204,96.618,Gemella sanguinis 27098_8_105
Gemella_5204,96.618,Gemella sanguinis 27098_8_106
Gemella_5249,98.551,Gemella n.sp. 27098_8_149
Gemella_5249,98.551,Gemella n.sp. 27098_8_155
Gemella_5249,98.551,Gemella n.sp. 27098_8_92
Gemella_5249,98.551,Gemella sanguinis_ 20925_1_41
Gemella_5249,98.551,Gemella sanguinis 20925_1_65
Gemella_5249,98.551,Gemella sanguinis 20925_1_66
Gemella_5249,98.551,Gemella sanguinis 27098_8_105
Gemella_5249,98.551,Gemella sanguinis 27098_8_106
Gemella_5283,,no_isolate
Gemella_5316,99.034,Gemella n.sp. 27098_8_149
Gemella_5316,99.034,Gemella n.sp. 27098_8_155
Gemella_5316,99.034,Gemella n.sp. 27098_8_92
Gemella_5316,99.034,Gemella sanguinis_ 20925_1_41
Gemella_5316,99.034,Gemella sanguinis 20925_1_65
Gemella_5316,99.034,Gemella sanguinis 20925_1_66
Gemella_5316,99.034,Gemella sanguinis 27098_8_105
Gemella_5316,99.034,Gemella sanguinis 27098_8_106
Gemella_5370,99.034,Gemella n.sp. 27098_8_149
Gemella_5370,99.034,Gemella n.sp. 27098_8_155
Gemella_5370,99.034,Gemella n.sp. 27098_8_92
Gemella_5370,99.034,Gemella sanguinis_ 20925_1_41
Gemella_5370,99.034,Gemella sanguinis 20925_1_65
Gemella_5370,99.034,Gemella sanguinis 20925_1_66
Gemella_5370,99.034,Gemella sanguinis 27098_8_105
Gemella_5370,99.034,Gemella sanguinis 27098_8_106
Gemella_5485,,no_isolate
Gemella_5488,,no_isolate
Gemella_5529,96.135,Gemella n.sp. 27098_8_149
Gemella_5529,96.135,Gemella n.sp. 27098_8_155
Gemella_5529,96.135,Gemella n.sp. 27098_8_92
Gemella_5529,96.135,Gemella sanguinis_ 20925_1_41
Gemella_5529,96.135,Gemella sanguinis 20925_1_65
Gemella_5529,96.135,Gemella sanguinis 20925_1_66
Gemella_5529,96.135,Gemella sanguinis 27098_8_105
Gemella_5529,96.135,Gemella sanguinis 27098_8_106
Glutamicibacter_5653,,no_isolate
Modestobacter_5703,,no_isolate
Corynebacterium_1_5710,,no_isolate
Corynebacterium_5714,,no_isolate
Corynebacterium_1_5718,,no_isolate
Corynebacterium_1_5724,,no_isolate
Corynebacterium_1_5727,,no_isolate
Corynebacterium_1_5732,,no_isolate
Corynebacterium_1_5744,,no_isolate
Corynebacterium_1_5753,,no_isolate
Corynebacterium_1_5760,,no_isolate
Corynebacterium_1_5763,,no_isolate
Corynebacterium_5769,,no_isolate
Corynebacterium_1_5771,,no_isolate
Corynebacterium_1_5772,,no_isolate
Corynebacterium_1_5773,,no_isolate
Corynebacterium_1_5774,,no_isolate
Corynebacterium_5783,,no_isolate
Corynebacterium_5791,,no_isolate
Corynebacterium_1_5802,,no_isolate
Corynebacterium_1_5803,,no_isolate
Corynebacterium_1_5805,,no_isolate
Corynebacterium_1_5807,,no_isolate
Corynebacterium_1_5809,,no_isolate
Corynebacterium_1_5810,,no_isolate
Mycobacterium_5812,,no_isolate
Mycobacterium_5814,,no_isolate
Mycobacterium_5836,,no_isolate
Mycobacterium_5840,,no_isolate
Lawsonella_5853,,no_isolate
Gordonia_5856,,no_isolate
Rhodococcus_5859,,no_isolate
Rhodococcus_5873,,no_isolate
Geodermatophilus_5950,,no_isolate
Pseudopropionibacterium_5960,,no_isolate
Cutibacterium_5965,96.135,Cutibacterium acnes 20925_1_38
Cutibacterium_5965,96.135,Cutibacterium acnes 20925_1_68
Cutibacterium_5969,100,Cutibacterium acnes 20925_1_38
Cutibacterium_5969,100,Cutibacterium acnes 20925_1_68
Nocardioides_5979,,no_isolate
Nocardioides_5982,,no_isolate
Nocardioides_5984,,no_isolate
Nocardioides_5996,,no_isolate
Nocardioides_6002,,no_isolate
Nocardioides_6005,,no_isolate
Nocardioides_6009,,no_isolate
Bifidobacterium_6038,,no_isolate
Bifidobacteriaceae_6042,,no_isolate
Bifidobacteriaceae_6052,,no_isolate
Bifidobacteriaceae_6055,,no_isolate
Bifidobacterium_6056,,no_isolate
Bifidobacteriaceae_6062,,no_isolate
Bifidobacteriaceae_6075,,no_isolate
Bifidobacteriaceae_6076,,no_isolate
Bifidobacteriaceae_6090,,no_isolate
Bifidobacterium_6124,,no_isolate
Bifidobacterium_6126,,no_isolate
Bifidobacterium_6127,,no_isolate
Bifidobacterium_6129,,no_isolate
Bifidobacterium_6133,,no_isolate
Bifidobacterium_6136,,no_isolate
Bifidobacterium_6137,,no_isolate
Bifidobacterium_6140,,no_isolate
Bifidobacterium_6141,,no_isolate
Actinomyces_6197,,no_isolate
Actinomyces_6216,96.135,Pauljensenia n.sp. 20925_1_25
Actinomyces_6216,100,Actinomyces naeslundii 27098_8_156
Actinomyces_6216,99.517,Actinomyces oris 27098_8_157
Actinomyces_6216,96.618,Pauljensenia n.sp. 20925_1_27
Actinomyces_6216,96.618,Pauljensenia n.sp. 20925_1_34
Actinomyces_6216,96.618,Pauljensenia n.sp. 20925_1_91
Actinomyces_6216,96.618,Pauljensenia n.sp. 27098_8_107
Actinomyces_6216,96.618,Pauljensenia n.sp. 27098_8_83
Actinomyces_6222,95.192,Pauljensenia n.sp. 20925_1_25
Actinomyces_6222,98.077,Actinomyces naeslundii 27098_8_156
Actinomyces_6222,97.596,Actinomyces oris 27098_8_157
Actinomyces_6222,95.673,Pauljensenia n.sp. 20925_1_27
Actinomyces_6222,95.673,Pauljensenia n.sp. 20925_1_34
Actinomyces_6222,95.673,Pauljensenia n.sp. 20925_1_91
Actinomyces_6222,95.673,Pauljensenia n.sp. 27098_8_107
Actinomyces_6222,95.673,Pauljensenia n.sp. 27098_8_83
Actinomyces_6223,96.154,Actinomyces naeslundii 27098_8_156
Actinomyces_6223,95.673,Actinomyces oris 27098_8_157
Actinomyces_6225,95.652,Actinomyces naeslundii 27098_8_156
Actinomyces_6225,96.135,Actinomyces oris 27098_8_157
Actinomyces_6236,,no_isolate
Actinomyces_6237,,no_isolate
Actinomyces_6254,,no_isolate
Actinomyces_6290,96.135,Pauljensenia n.sp. 20925_1_25
Actinomyces_6290,96.135,Actinomyces naeslundii 27098_8_156
Actinomyces_6290,96.618,Actinomyces oris 27098_8_157
Actinomyces_6290,96.618,Pauljensenia n.sp. 20925_1_27
Actinomyces_6290,96.618,Pauljensenia n.sp. 20925_1_34
Actinomyces_6290,96.618,Pauljensenia n.sp. 20925_1_91
Actinomyces_6290,96.618,Pauljensenia n.sp. 27098_8_107
Actinomyces_6290,96.618,Pauljensenia n.sp. 27098_8_83
Actinomyces_6337,,no_isolate
Actinomyces_6349,,no_isolate
Actinomyces_6404,,no_isolate
Actinomyces_6410,,no_isolate
Actinomyces_6413,98.068,Actinomyces naeslundii 27098_8_156
Actinomyces_6413,97.585,Actinomyces oris 27098_8_157
Varibaculum_6418,,no_isolate
Actinomyces_6421,96.618,Pauljensenia n.sp. 20925_1_25
Actinomyces_6421,99.517,Actinomyces naeslundii 27098_8_156
Actinomyces_6421,100,Actinomyces oris 27098_8_157
Actinomyces_6421,97.101,Pauljensenia n.sp. 20925_1_27
Actinomyces_6421,97.101,Pauljensenia n.sp. 20925_1_34
Actinomyces_6421,97.101,Pauljensenia n.sp. 20925_1_91
Actinomyces_6421,97.101,Pauljensenia n.sp. 27098_8_107
Actinomyces_6421,97.101,Pauljensenia n.sp. 27098_8_83
Actinomyces_6426,96.135,Pauljensenia n.sp. 20925_1_25
Actinomyces_6426,99.034,Actinomyces naeslundii 27098_8_156
Actinomyces_6426,99.517,Actinomyces oris 27098_8_157
Actinomyces_6426,96.618,Pauljensenia n.sp. 20925_1_27
Actinomyces_6426,96.618,Pauljensenia n.sp. 20925_1_34
Actinomyces_6426,96.618,Pauljensenia n.sp. 20925_1_91
Actinomyces_6426,96.618,Pauljensenia n.sp. 27098_8_107
Actinomyces_6426,96.618,Pauljensenia n.sp. 27098_8_83
Actinomyces_6428,96.135,Pauljensenia n.sp. 20925_1_25
Actinomyces_6428,99.034,Actinomyces naeslundii 27098_8_156
Actinomyces_6428,99.517,Actinomyces oris 27098_8_157
Actinomyces_6428,96.618,Pauljensenia n.sp. 20925_1_27
Actinomyces_6428,96.618,Pauljensenia n.sp. 20925_1_34
Actinomyces_6428,96.618,Pauljensenia n.sp. 20925_1_91
Actinomyces_6428,96.618,Pauljensenia n.sp. 27098_8_107
Actinomyces_6428,96.618,Pauljensenia n.sp. 27098_8_83
Actinomyces_6429,96.135,Pauljensenia n.sp. 20925_1_25
Actinomyces_6429,99.034,Actinomyces naeslundii 27098_8_156
Actinomyces_6429,99.517,Actinomyces oris 27098_8_157
Actinomyces_6429,96.618,Pauljensenia n.sp. 20925_1_27
Actinomyces_6429,96.618,Pauljensenia n.sp. 20925_1_34
Actinomyces_6429,96.618,Pauljensenia n.sp. 20925_1_91
Actinomyces_6429,96.618,Pauljensenia n.sp. 27098_8_107
Actinomyces_6429,96.618,Pauljensenia n.sp. 27098_8_83
Actinomyces_6434,,no_isolate
Actinomyces_6438,,no_isolate
Actinomyces_6439,95.169,Actinomyces naeslundii 27098_8_156
Actinomyces_6440,95.169,Actinomyces naeslundii 27098_8_156
Actinomyces_6441,95.169,Pauljensenia n.sp. 20925_1_25
Actinomyces_6441,96.135,Actinomyces naeslundii 27098_8_156
Actinomyces_6441,95.652,Actinomyces oris 27098_8_157
Actinomyces_6561,96.135,Pauljensenia n.sp. 20925_1_25
Actinomyces_6561,96.618,Pauljensenia n.sp. 20925_1_27
Actinomyces_6561,96.618,Pauljensenia n.sp. 20925_1_34
Actinomyces_6561,96.618,Pauljensenia n.sp. 20925_1_91
Actinomyces_6561,96.618,Pauljensenia n.sp. 27098_8_107
Actinomyces_6561,96.618,Pauljensenia n.sp. 27098_8_83
Actinomyces_6620,96.135,Pauljensenia n.sp. 20925_1_25
Actinomyces_6620,96.618,Pauljensenia n.sp. 20925_1_27
Actinomyces_6620,96.618,Pauljensenia n.sp. 20925_1_34
Actinomyces_6620,96.618,Pauljensenia n.sp. 20925_1_91
Actinomyces_6620,96.618,Pauljensenia n.sp. 27098_8_107
Actinomyces_6620,96.618,Pauljensenia n.sp. 27098_8_83
Actinomyces_6631,96.135,Pauljensenia n.sp. 20925_1_25
Actinomyces_6631,96.618,Pauljensenia n.sp. 20925_1_27
Actinomyces_6631,96.618,Pauljensenia n.sp. 20925_1_34
Actinomyces_6631,96.618,Pauljensenia n.sp. 20925_1_91
Actinomyces_6631,96.618,Pauljensenia n.sp. 27098_8_107
Actinomyces_6631,96.618,Pauljensenia n.sp. 27098_8_83
Actinomyces_6714,,no_isolate
Micrococcaceae_6716,,no_isolate
Actinomyces_6737,96.135,Pauljensenia n.sp. 20925_1_25
Actinomyces_6737,95.652,Pauljensenia n.sp. 20925_1_27
Actinomyces_6737,95.652,Pauljensenia n.sp. 20925_1_34
Actinomyces_6737,95.652,Pauljensenia n.sp. 20925_1_91
Actinomyces_6737,95.652,Pauljensenia n.sp. 27098_8_107
Actinomyces_6737,95.652,Pauljensenia n.sp. 27098_8_83
Actinomyces_6749,,no_isolate
Actinomyces_6754,96.618,Pauljensenia n.sp. 20925_1_25
Actinomyces_6754,96.135,Pauljensenia n.sp. 20925_1_27
Actinomyces_6754,96.135,Pauljensenia n.sp. 20925_1_34
Actinomyces_6754,96.135,Pauljensenia n.sp. 20925_1_91
Actinomyces_6754,96.135,Pauljensenia n.sp. 27098_8_107
Actinomyces_6754,96.135,Pauljensenia n.sp. 27098_8_83
Actinomyces_6809,96.135,Actinomyces naeslundii 27098_8_156
Actinomyces_6809,96.618,Actinomyces oris 27098_8_157
Actinomyces_6824,95.652,Pauljensenia n.sp. 20925_1_25
Actinomyces_6824,95.169,Actinomyces oris 27098_8_157
Actinomyces_6824,96.135,Pauljensenia n.sp. 20925_1_27
Actinomyces_6824,96.135,Pauljensenia n.sp. 20925_1_34
Actinomyces_6824,96.135,Pauljensenia n.sp. 20925_1_91
Actinomyces_6824,96.135,Pauljensenia n.sp. 27098_8_107
Actinomyces_6824,96.135,Pauljensenia n.sp. 27098_8_83
Actinomyces_6908,99.034,Pauljensenia n.sp. 20925_1_25
Actinomyces_6908,96.135,Actinomyces naeslundii 27098_8_156
Actinomyces_6908,96.618,Actinomyces oris 27098_8_157
Actinomyces_6908,99.517,Pauljensenia n.sp. 20925_1_27
Actinomyces_6908,99.517,Pauljensenia n.sp. 20925_1_34
Actinomyces_6908,99.517,Pauljensenia n.sp. 20925_1_91
Actinomyces_6908,99.517,Pauljensenia n.sp. 27098_8_107
Actinomyces_6908,99.517,Pauljensenia n.sp. 27098_8_83
Actinomyces_6936,99.034,Pauljensenia n.sp. 20925_1_25
Actinomyces_6936,96.135,Actinomyces naeslundii 27098_8_156
Actinomyces_6936,96.618,Actinomyces oris 27098_8_157
Actinomyces_6936,99.517,Pauljensenia n.sp. 20925_1_27
Actinomyces_6936,99.517,Pauljensenia n.sp. 20925_1_34
Actinomyces_6936,99.517,Pauljensenia n.sp. 20925_1_91
Actinomyces_6936,99.517,Pauljensenia n.sp. 27098_8_107
Actinomyces_6936,99.517,Pauljensenia n.sp. 27098_8_83
Actinomyces_6937,99.517,Pauljensenia n.sp. 20925_1_25
Actinomyces_6937,96.618,Actinomyces naeslundii 27098_8_156
Actinomyces_6937,97.101,Actinomyces oris 27098_8_157
Actinomyces_6937,100,Pauljensenia n.sp. 20925_1_27
Actinomyces_6937,100,Pauljensenia n.sp. 20925_1_34
Actinomyces_6937,100,Pauljensenia n.sp. 20925_1_91
Actinomyces_6937,100,Pauljensenia n.sp. 27098_8_107
Actinomyces_6937,100,Pauljensenia n.sp. 27098_8_83
Actinomyces_6943,99.034,Pauljensenia n.sp. 20925_1_25
Actinomyces_6943,96.135,Actinomyces naeslundii 27098_8_156
Actinomyces_6943,96.618,Actinomyces oris 27098_8_157
Actinomyces_6943,99.517,Pauljensenia n.sp. 20925_1_27
Actinomyces_6943,99.517,Pauljensenia n.sp. 20925_1_34
Actinomyces_6943,99.517,Pauljensenia n.sp. 20925_1_91
Actinomyces_6943,99.517,Pauljensenia n.sp. 27098_8_107
Actinomyces_6943,99.517,Pauljensenia n.sp. 27098_8_83
Actinomyces_6958,98.551,Pauljensenia n.sp. 20925_1_25
Actinomyces_6958,97.585,Actinomyces naeslundii 27098_8_156
Actinomyces_6958,98.068,Actinomyces oris 27098_8_157
Actinomyces_6958,99.034,Pauljensenia n.sp. 20925_1_27
Actinomyces_6958,99.034,Pauljensenia n.sp. 20925_1_34
Actinomyces_6958,99.034,Pauljensenia n.sp. 20925_1_91
Actinomyces_6958,99.034,Pauljensenia n.sp. 27098_8_107
Actinomyces_6958,99.034,Pauljensenia n.sp. 27098_8_83
Actinomyces_6969,99.517,Pauljensenia n.sp. 20925_1_25
Actinomyces_6969,95.652,Actinomyces naeslundii 27098_8_156
Actinomyces_6969,96.135,Actinomyces oris 27098_8_157
Actinomyces_6969,99.034,Pauljensenia n.sp. 20925_1_27
Actinomyces_6969,99.034,Pauljensenia n.sp. 20925_1_34
Actinomyces_6969,99.034,Pauljensenia n.sp. 20925_1_91
Actinomyces_6969,99.034,Pauljensenia n.sp. 27098_8_107
Actinomyces_6969,99.034,Pauljensenia n.sp. 27098_8_83
Actinomyces_6974,100,Pauljensenia n.sp. 20925_1_25
Actinomyces_6974,96.135,Actinomyces naeslundii 27098_8_156
Actinomyces_6974,96.618,Actinomyces oris 27098_8_157
Actinomyces_6974,99.517,Pauljensenia n.sp. 20925_1_27
Actinomyces_6974,99.517,Pauljensenia n.sp. 20925_1_34
Actinomyces_6974,99.517,Pauljensenia n.sp. 20925_1_91
Actinomyces_6974,99.517,Pauljensenia n.sp. 27098_8_107
Actinomyces_6974,99.517,Pauljensenia n.sp. 27098_8_83
Actinomyces_6981,99.034,Pauljensenia n.sp. 20925_1_25
Actinomyces_6981,96.135,Actinomyces naeslundii 27098_8_156
Actinomyces_6981,96.618,Actinomyces oris 27098_8_157
Actinomyces_6981,99.517,Pauljensenia n.sp. 20925_1_27
Actinomyces_6981,99.517,Pauljensenia n.sp. 20925_1_34
Actinomyces_6981,99.517,Pauljensenia n.sp. 20925_1_91
Actinomyces_6981,99.517,Pauljensenia n.sp. 27098_8_107
Actinomyces_6981,99.517,Pauljensenia n.sp. 27098_8_83
Actinomyces_7001,96.135,Pauljensenia n.sp. 20925_1_25
Actinomyces_7001,97.101,Actinomyces naeslundii 27098_8_156
Actinomyces_7001,96.618,Actinomyces oris 27098_8_157
Actinomyces_7001,96.618,Pauljensenia n.sp. 20925_1_27
Actinomyces_7001,96.618,Pauljensenia n.sp. 20925_1_34
Actinomyces_7001,96.618,Pauljensenia n.sp. 20925_1_91
Actinomyces_7001,96.618,Pauljensenia n.sp. 27098_8_107
Actinomyces_7001,96.618,Pauljensenia n.sp. 27098_8_83
Actinomyces_7002,95.652,Actinomyces naeslundii 27098_8_156
Actinomyces_7002,95.169,Actinomyces oris 27098_8_157
Actinomyces_7002,95.169,Pauljensenia n.sp. 20925_1_27
Actinomyces_7002,95.169,Pauljensenia n.sp. 20925_1_34
Actinomyces_7002,95.169,Pauljensenia n.sp. 20925_1_91
Actinomyces_7002,95.169,Pauljensenia n.sp. 27098_8_107
Actinomyces_7002,95.169,Pauljensenia n.sp. 27098_8_83
Actinomyces_7135,99.034,Pauljensenia n.sp. 20925_1_25
Actinomyces_7135,96.135,Actinomyces naeslundii 27098_8_156
Actinomyces_7135,96.618,Actinomyces oris 27098_8_157
Actinomyces_7135,99.517,Pauljensenia n.sp. 20925_1_27
Actinomyces_7135,99.517,Pauljensenia n.sp. 20925_1_34
Actinomyces_7135,99.517,Pauljensenia n.sp. 20925_1_91
Actinomyces_7135,99.517,Pauljensenia n.sp. 27098_8_107
Actinomyces_7135,99.517,Pauljensenia n.sp. 27098_8_83
Actinomyces_7155,96.618,Pauljensenia n.sp. 20925_1_25
Actinomyces_7155,97.585,Actinomyces naeslundii 27098_8_156
Actinomyces_7155,97.101,Actinomyces oris 27098_8_157
Actinomyces_7155,97.101,Pauljensenia n.sp. 20925_1_27
Actinomyces_7155,97.101,Pauljensenia n.sp. 20925_1_34
Actinomyces_7155,97.101,Pauljensenia n.sp. 20925_1_91
Actinomyces_7155,97.101,Pauljensenia n.sp. 27098_8_107
Actinomyces_7155,97.101,Pauljensenia n.sp. 27098_8_83
Actinomyces_7157,97.101,Pauljensenia n.sp. 20925_1_25
Actinomyces_7157,96.135,Actinomyces naeslundii 27098_8_156
Actinomyces_7157,95.652,Actinomyces oris 27098_8_157
Actinomyces_7157,97.585,Pauljensenia n.sp. 20925_1_27
Actinomyces_7157,97.585,Pauljensenia n.sp. 20925_1_34
Actinomyces_7157,97.585,Pauljensenia n.sp. 20925_1_91
Actinomyces_7157,97.585,Pauljensenia n.sp. 27098_8_107
Actinomyces_7157,97.585,Pauljensenia n.sp. 27098_8_83
Actinomyces_7158,97.101,Pauljensenia n.sp. 20925_1_25
Actinomyces_7158,96.135,Actinomyces naeslundii 27098_8_156
Actinomyces_7158,96.618,Actinomyces oris 27098_8_157
Actinomyces_7158,97.585,Pauljensenia n.sp. 20925_1_27
Actinomyces_7158,97.585,Pauljensenia n.sp. 20925_1_34
Actinomyces_7158,97.585,Pauljensenia n.sp. 20925_1_91
Actinomyces_7158,97.585,Pauljensenia n.sp. 27098_8_107
Actinomyces_7158,97.585,Pauljensenia n.sp. 27098_8_83
Actinomyces_7160,96.618,Pauljensenia n.sp. 20925_1_25
Actinomyces_7160,96.618,Actinomyces naeslundii 27098_8_156
Actinomyces_7160,96.135,Actinomyces oris 27098_8_157
Actinomyces_7160,97.101,Pauljensenia n.sp. 20925_1_27
Actinomyces_7160,97.101,Pauljensenia n.sp. 20925_1_34
Actinomyces_7160,97.101,Pauljensenia n.sp. 20925_1_91
Actinomyces_7160,97.101,Pauljensenia n.sp. 27098_8_107
Actinomyces_7160,97.101,Pauljensenia n.sp. 27098_8_83
Actinomyces_7161,97.585,Pauljensenia n.sp. 20925_1_25
Actinomyces_7161,97.585,Actinomyces naeslundii 27098_8_156
Actinomyces_7161,97.101,Actinomyces oris 27098_8_157
Actinomyces_7161,98.068,Pauljensenia n.sp. 20925_1_27
Actinomyces_7161,98.068,Pauljensenia n.sp. 20925_1_34
Actinomyces_7161,98.068,Pauljensenia n.sp. 20925_1_91
Actinomyces_7161,98.068,Pauljensenia n.sp. 27098_8_107
Actinomyces_7161,98.068,Pauljensenia n.sp. 27098_8_83
Actinomyces_7162,98.551,Pauljensenia n.sp. 20925_1_25
Actinomyces_7162,97.585,Actinomyces naeslundii 27098_8_156
Actinomyces_7162,98.068,Actinomyces oris 27098_8_157
Actinomyces_7162,99.034,Pauljensenia n.sp. 20925_1_27
Actinomyces_7162,99.034,Pauljensenia n.sp. 20925_1_34
Actinomyces_7162,99.034,Pauljensenia n.sp. 20925_1_91
Actinomyces_7162,99.034,Pauljensenia n.sp. 27098_8_107
Actinomyces_7162,99.034,Pauljensenia n.sp. 27098_8_83
Actinomyces_7163,99.034,Pauljensenia n.sp. 20925_1_25
Actinomyces_7163,97.101,Actinomyces naeslundii 27098_8_156
Actinomyces_7163,97.585,Actinomyces oris 27098_8_157
Actinomyces_7163,99.517,Pauljensenia n.sp. 20925_1_27
Actinomyces_7163,99.517,Pauljensenia n.sp. 20925_1_34
Actinomyces_7163,99.517,Pauljensenia n.sp. 20925_1_91
Actinomyces_7163,99.517,Pauljensenia n.sp. 27098_8_107
Actinomyces_7163,99.517,Pauljensenia n.sp. 27098_8_83
Actinomyces_7183,98.068,Pauljensenia n.sp. 20925_1_25
Actinomyces_7183,96.618,Actinomyces naeslundii 27098_8_156
Actinomyces_7183,97.101,Actinomyces oris 27098_8_157
Actinomyces_7183,98.551,Pauljensenia n.sp. 20925_1_27
Actinomyces_7183,98.551,Pauljensenia n.sp. 20925_1_34
Actinomyces_7183,98.551,Pauljensenia n.sp. 20925_1_91
Actinomyces_7183,98.551,Pauljensenia n.sp. 27098_8_107
Actinomyces_7183,98.551,Pauljensenia n.sp. 27098_8_83
Actinomyces_7188,97.585,Pauljensenia n.sp. 20925_1_25
Actinomyces_7188,95.169,Actinomyces oris 27098_8_157
Actinomyces_7188,98.068,Pauljensenia n.sp. 20925_1_27
Actinomyces_7188,98.068,Pauljensenia n.sp. 20925_1_34
Actinomyces_7188,98.068,Pauljensenia n.sp. 20925_1_91
Actinomyces_7188,98.068,Pauljensenia n.sp. 27098_8_107
Actinomyces_7188,98.068,Pauljensenia n.sp. 27098_8_83
Actinomyces_7195,96.618,Pauljensenia n.sp. 20925_1_25
Actinomyces_7195,96.618,Actinomyces naeslundii 27098_8_156
Actinomyces_7195,97.101,Actinomyces oris 27098_8_157
Actinomyces_7195,97.101,Pauljensenia n.sp. 20925_1_27
Actinomyces_7195,97.101,Pauljensenia n.sp. 20925_1_34
Actinomyces_7195,97.101,Pauljensenia n.sp. 20925_1_91
Actinomyces_7195,97.101,Pauljensenia n.sp. 27098_8_107
Actinomyces_7195,97.101,Pauljensenia n.sp. 27098_8_83
Actinomyces_7199,96.618,Pauljensenia n.sp. 20925_1_25
Actinomyces_7199,95.652,Actinomyces naeslundii 27098_8_156
Actinomyces_7199,96.135,Actinomyces oris 27098_8_157
Actinomyces_7199,97.101,Pauljensenia n.sp. 20925_1_27
Actinomyces_7199,97.101,Pauljensenia n.sp. 20925_1_34
Actinomyces_7199,97.101,Pauljensenia n.sp. 20925_1_91
Actinomyces_7199,97.101,Pauljensenia n.sp. 27098_8_107
Actinomyces_7199,97.101,Pauljensenia n.sp. 27098_8_83
Actinomyces_7200,98.068,Pauljensenia n.sp. 20925_1_25
Actinomyces_7200,96.135,Actinomyces naeslundii 27098_8_156
Actinomyces_7200,96.618,Actinomyces oris 27098_8_157
Actinomyces_7200,98.551,Pauljensenia n.sp. 20925_1_27
Actinomyces_7200,98.551,Pauljensenia n.sp. 20925_1_34
Actinomyces_7200,98.551,Pauljensenia n.sp. 20925_1_91
Actinomyces_7200,98.551,Pauljensenia n.sp. 27098_8_107
Actinomyces_7200,98.551,Pauljensenia n.sp. 27098_8_83
Actinomyces_7202,98.551,Pauljensenia n.sp. 20925_1_25
Actinomyces_7202,95.652,Actinomyces naeslundii 27098_8_156
Actinomyces_7202,96.135,Actinomyces oris 27098_8_157
Actinomyces_7202,99.034,Pauljensenia n.sp. 20925_1_27
Actinomyces_7202,99.034,Pauljensenia n.sp. 20925_1_34
Actinomyces_7202,99.034,Pauljensenia n.sp. 20925_1_91
Actinomyces_7202,99.034,Pauljensenia n.sp. 27098_8_107
Actinomyces_7202,99.034,Pauljensenia n.sp. 27098_8_83
Actinomyces_7330,,no_isolate
Brevibacterium_7451,,no_isolate
Brevibacterium_7453,,no_isolate
Microbacterium_7474,100,Microbacterium paraoxydans 27098_8_129
Micrococcaceae_7483,95.652,Micrococcus luteus 20925_1_46
Micrococcaceae_7483,95.652,Micrococcus luteus 20925_1_52
Micrococcaceae_7483,95.652,Micrococcus luteus 20925_1_61
Micrococcaceae_7483,95.652,Micrococcus luteus 20925_1_89
Micrococcaceae_7483,95.652,Micrococcus luteus 20925_1_90
Micrococcaceae_7483,95.652,Micrococcus luteus 20925_1_94
Actinomycetaceae_7485,,no_isolate
F0332_7486,,no_isolate
F0332_7493,,no_isolate
Kocuria_7499,95.652,Micrococcus luteus 20925_1_46
Kocuria_7499,95.652,Micrococcus luteus 20925_1_52
Kocuria_7499,95.652,Micrococcus luteus 20925_1_61
Kocuria_7499,95.652,Micrococcus luteus 20925_1_89
Kocuria_7499,95.652,Micrococcus luteus 20925_1_90
Kocuria_7499,95.652,Micrococcus luteus 20925_1_94
Brachybacterium_7516,,no_isolate
Brachybacterium_7517,,no_isolate
Intrasporangiaceae_7525,,no_isolate
Micrococcus_7536,100,Micrococcus luteus 20925_1_46
Micrococcus_7536,100,Micrococcus luteus 20925_1_52
Micrococcus_7536,100,Micrococcus luteus 20925_1_61
Micrococcus_7536,100,Micrococcus luteus 20925_1_89
Micrococcus_7536,100,Micrococcus luteus 20925_1_90
Micrococcus_7536,100,Micrococcus luteus 20925_1_94
Rothia_7580,96.635,Rothia mucilaginosa 27098_8_135
Rothia_7580,95.673,Rothia mucilaginosa 27098_8_136
Rothia_7580,95.673,Rothia n.sp. 27098_8_161
Rothia_7580,96.635,Rothia mucilaginosa 27098_8_172
Rothia_7580,95.673,Rothia n.sp. 27098_8_27
Rothia_7580,95.673,Rothia n.sp. 27098_8_29
Rothia_7590,95.673,Rothia aeria 27098_8_182
Rothia_7590,95.673,Rothia dentocariosa 27098_8_144
Rothia_7590,99.038,Rothia mucilaginosa 27098_8_135
Rothia_7590,100,Rothia mucilaginosa 27098_8_136
Rothia_7590,98.077,Rothia n.sp. 27098_8_161
Rothia_7590,99.038,Rothia mucilaginosa 27098_8_172
Rothia_7590,98.077,Rothia n.sp. 27098_8_27
Rothia_7590,98.077,Rothia n.sp. 27098_8_29
Rothia_7602,95.673,Rothia mucilaginosa 27098_8_135
Rothia_7602,96.635,Rothia mucilaginosa 27098_8_136
Rothia_7602,95.673,Rothia mucilaginosa 27098_8_172
Rothia_7610,95.192,Micrococcus luteus 20925_1_46
Rothia_7610,95.192,Micrococcus luteus 20925_1_52
Rothia_7610,95.192,Micrococcus luteus 20925_1_61
Rothia_7610,95.192,Micrococcus luteus 20925_1_89
Rothia_7610,95.192,Micrococcus luteus 20925_1_90
Rothia_7610,95.192,Micrococcus luteus 20925_1_94
Rothia_7610,96.635,Rothia aeria 27098_8_182
Rothia_7610,96.635,Rothia dentocariosa 27098_8_144
Rothia_7610,100,Rothia mucilaginosa 27098_8_135
Rothia_7610,99.038,Rothia mucilaginosa 27098_8_136
Rothia_7610,99.038,Rothia n.sp. 27098_8_161
Rothia_7610,100,Rothia mucilaginosa 27098_8_172
Rothia_7610,99.038,Rothia n.sp. 27098_8_27
Rothia_7610,99.038,Rothia n.sp. 27098_8_29
Rothia_7615,96.154,Rothia aeria 27098_8_182
Rothia_7615,96.154,Rothia dentocariosa 27098_8_144
Rothia_7615,99.519,Rothia mucilaginosa 27098_8_135
Rothia_7615,98.558,Rothia mucilaginosa 27098_8_136
Rothia_7615,98.558,Rothia n.sp. 27098_8_161
Rothia_7615,99.519,Rothia mucilaginosa 27098_8_172
Rothia_7615,98.558,Rothia n.sp. 27098_8_27
Rothia_7615,98.558,Rothia n.sp. 27098_8_29
Rothia_7621,96.635,Rothia aeria 27098_8_182
Rothia_7621,95.673,Rothia dentocariosa 27098_8_144
Rothia_7621,99.038,Rothia mucilaginosa 27098_8_135
Rothia_7621,98.077,Rothia mucilaginosa 27098_8_136
Rothia_7621,99.038,Rothia n.sp. 27098_8_161
Rothia_7621,99.038,Rothia mucilaginosa 27098_8_172
Rothia_7621,99.038,Rothia n.sp. 27098_8_27
Rothia_7621,99.038,Rothia n.sp. 27098_8_29
Rothia_7624,97.115,Rothia aeria 27098_8_182
Rothia_7624,96.154,Rothia dentocariosa 27098_8_144
Rothia_7624,99.519,Rothia mucilaginosa 27098_8_135
Rothia_7624,98.558,Rothia mucilaginosa 27098_8_136
Rothia_7624,99.519,Rothia n.sp. 27098_8_161
Rothia_7624,99.519,Rothia mucilaginosa 27098_8_172
Rothia_7624,99.519,Rothia n.sp. 27098_8_27
Rothia_7624,99.519,Rothia n.sp. 27098_8_29
Rothia_7625,96.635,Rothia aeria 27098_8_182
Rothia_7625,95.673,Rothia dentocariosa 27098_8_144
Rothia_7625,99.038,Rothia mucilaginosa 27098_8_135
Rothia_7625,98.077,Rothia mucilaginosa 27098_8_136
Rothia_7625,99.038,Rothia n.sp. 27098_8_161
Rothia_7625,99.038,Rothia mucilaginosa 27098_8_172
Rothia_7625,99.038,Rothia n.sp. 27098_8_27
Rothia_7625,99.038,Rothia n.sp. 27098_8_29
Rothia_7628,96.635,Rothia aeria 27098_8_182
Rothia_7628,95.673,Rothia dentocariosa 27098_8_144
Rothia_7628,99.038,Rothia mucilaginosa 27098_8_135
Rothia_7628,98.077,Rothia mucilaginosa 27098_8_136
Rothia_7628,100,Rothia n.sp. 27098_8_161
Rothia_7628,99.038,Rothia mucilaginosa 27098_8_172
Rothia_7628,100,Rothia n.sp. 27098_8_27
Rothia_7628,100,Rothia n.sp. 27098_8_29
Rothia_7637,95.673,Rothia aeria 27098_8_182
Rothia_7637,98.077,Rothia mucilaginosa 27098_8_135
Rothia_7637,99.038,Rothia mucilaginosa 27098_8_136
Rothia_7637,99.038,Rothia n.sp. 27098_8_161
Rothia_7637,98.077,Rothia mucilaginosa 27098_8_172
Rothia_7637,99.038,Rothia n.sp. 27098_8_27
Rothia_7637,99.038,Rothia n.sp. 27098_8_29
Rothia_7641,96.154,Rothia aeria 27098_8_182
Rothia_7641,95.192,Rothia dentocariosa 27098_8_144
Rothia_7641,98.558,Rothia mucilaginosa 27098_8_135
Rothia_7641,97.596,Rothia mucilaginosa 27098_8_136
Rothia_7641,99.519,Rothia n.sp. 27098_8_161
Rothia_7641,98.558,Rothia mucilaginosa 27098_8_172
Rothia_7641,99.519,Rothia n.sp. 27098_8_27
Rothia_7641,99.519,Rothia n.sp. 27098_8_29
Rothia_7646,96.154,Rothia aeria 27098_8_182
Rothia_7646,95.192,Rothia dentocariosa 27098_8_144
Rothia_7646,98.558,Rothia mucilaginosa 27098_8_135
Rothia_7646,97.596,Rothia mucilaginosa 27098_8_136
Rothia_7646,99.519,Rothia n.sp. 27098_8_161
Rothia_7646,98.558,Rothia mucilaginosa 27098_8_172
Rothia_7646,99.519,Rothia n.sp. 27098_8_27
Rothia_7646,99.519,Rothia n.sp. 27098_8_29
Rothia_7670,97.585,Rothia aeria 27098_8_182
Rothia_7670,99.517,Rothia dentocariosa 27098_8_144
Rothia_7675,100,Rothia aeria 27098_8_182
Rothia_7675,98.068,Rothia dentocariosa 27098_8_144
Rothia_7679,98.068,Rothia aeria 27098_8_182
Rothia_7679,100,Rothia dentocariosa 27098_8_144
Rothia_7680,97.585,Rothia aeria 27098_8_182
Rothia_7680,99.517,Rothia dentocariosa 27098_8_144
Prevotella_9_7852,,no_isolate
Prevotella_9_7853,,no_isolate
Prevotella_9_7857,,no_isolate
Prevotella_7_7862,96.135,Prevotella histicola 20925_1_16
Prevotella_7_7862,95.652,Prevotella jejuni 20925_1_32
Prevotella_7_7862,95.652,Prevotella melaninogenica 27098_8_100
Prevotella_6_7899,,no_isolate
Prevotella_7_7920,95.652,Prevotella histicola 20925_1_16
Prevotella_7_7920,96.618,Prevotella jejuni 20925_1_32
Prevotella_7_7920,96.135,Prevotella melaninogenica 27098_8_100
Prevotella_6_7935,,no_isolate
Prevotella_6_7936,,no_isolate
Prevotella_6_7950,,no_isolate
Prevotella_6_7987,96.135,Prevotella histicola 20925_1_16
Prevotella_6_7987,95.169,Prevotella jejuni 20925_1_32
Prevotella_6_7987,95.652,Prevotella melaninogenica 27098_8_100
Prevotella_6_8011,,no_isolate
Prevotella_6_8015,,no_isolate
Prevotellaceae_8073,,no_isolate
Prevotellaceae_8076,,no_isolate
Prevotella_6_8082,,no_isolate
Prevotella_7_8105,,no_isolate
Prevotella_7_8107,,no_isolate
Prevotella_7_8108,,no_isolate
Prevotella_8110,,no_isolate
Prevotellaceae_NK3B31_group_8117,,no_isolate
Prevotella_2_8124,,no_isolate
Prevotellaceae_8131,,no_isolate
Prevotella_8143,,no_isolate
Prevotella_8169,,no_isolate
Prevotella_8210,,no_isolate
Prevotella_8240,,no_isolate
Prevotellaceae_8250,,no_isolate
Prevotellaceae_8253,,no_isolate
Prevotellaceae_8254,,no_isolate
Prevotellaceae_8262,,no_isolate
Prevotellaceae_8269,,no_isolate
Prevotellaceae_8271,,no_isolate
Prevotellaceae_8272,,no_isolate
Prevotellaceae_8273,,no_isolate
Prevotellaceae_8285,,no_isolate
Prevotella_8287,,no_isolate
Prevotella_2_8294,,no_isolate
Prevotella_2_8315,,no_isolate
Prevotella_2_8316,,no_isolate
Prevotella_2_8332,,no_isolate
Prevotella_2_8335,,no_isolate
Prevotellaceae_8372,,no_isolate
Prevotella_6_8374,,no_isolate
Prevotella_7_8378,,no_isolate
Prevotella_7_8379,,no_isolate
Prevotella_8426,97.101,Prevotella pallens 20925_1_50
Prevotella_8506,96.135,Prevotella pallens 20925_1_50
Prevotella_8587,100,Prevotella pallens 20925_1_50
Prevotella_8588,99.517,Prevotella pallens 20925_1_50
Prevotella_8589,99.034,Prevotella pallens 20925_1_50
Prevotella_8750,95.652,Prevotella pallens 20925_1_50
Prevotella_8773,95.652,Prevotella pallens 20925_1_50
Prevotella_8792,96.618,Prevotella pallens 20925_1_50
Prevotella_8847,,no_isolate
Prevotella_8848,,no_isolate
Prevotella_8882,,no_isolate
Prevotella_8902,,no_isolate
Prevotellaceae_8917,,no_isolate
Prevotella_6_8919,,no_isolate
Prevotella_8921,,no_isolate
Prevotella_8924,,no_isolate
Prevotellaceae_8952,,no_isolate
Prevotella_7_8972,,no_isolate
Prevotella_7_8975,,no_isolate
Prevotella_7_8981,,no_isolate
Prevotella_7_8982,,no_isolate
Prevotellaceae_9026,,no_isolate
Prevotella_7_9041,,no_isolate
Prevotella_7_9046,,no_isolate
Prevotellaceae_9047,,no_isolate
Prevotella_7_9058,96.135,Prevotella histicola 20925_1_16
Prevotella_7_9058,95.169,Prevotella jejuni 20925_1_32
Prevotella_9060,,no_isolate
Prevotellaceae_9061,,no_isolate
Prevotellaceae_9083,,no_isolate
Prevotellaceae_9087,,no_isolate
Prevotella_9101,,no_isolate
Prevotella_9102,,no_isolate
Prevotella_9104,,no_isolate
Prevotella_9105,,no_isolate
Prevotella_9109,,no_isolate
Prevotella_9110,,no_isolate
Prevotellaceae_9143,,no_isolate
Prevotella_7_9171,,no_isolate
Prevotella_7_9180,96.135,Prevotella melaninogenica 27098_8_100
Prevotella_7_9182,95.652,Prevotella histicola 20925_1_16
Prevotella_7_9182,95.652,Prevotella jejuni 20925_1_32
Prevotella_7_9182,96.135,Prevotella melaninogenica 27098_8_100
Prevotella_7_9188,95.652,Prevotella histicola 20925_1_16
Prevotella_7_9188,95.169,Prevotella jejuni 20925_1_32
Prevotella_7_9188,95.169,Prevotella melaninogenica 27098_8_100
Prevotella_7_9209,,no_isolate
Prevotella_7_9241,96.135,Prevotella histicola 20925_1_16
Prevotella_7_9353,95.169,Prevotella jejuni 20925_1_32
Prevotella_7_9353,96.135,Prevotella melaninogenica 27098_8_100
Prevotella_7_9376,99.034,Prevotella histicola 20925_1_16
Prevotella_7_9376,99.517,Prevotella jejuni 20925_1_32
Prevotella_7_9376,98.551,Prevotella melaninogenica 27098_8_100
Prevotella_7_9380,98.551,Prevotella histicola 20925_1_16
Prevotella_7_9380,99.034,Prevotella jejuni 20925_1_32
Prevotella_7_9380,98.068,Prevotella melaninogenica 27098_8_100
Prevotella_7_9384,98.551,Prevotella histicola 20925_1_16
Prevotella_7_9384,99.034,Prevotella jejuni 20925_1_32
Prevotella_7_9384,98.068,Prevotella melaninogenica 27098_8_100
Prevotella_7_9386,98.551,Prevotella histicola 20925_1_16
Prevotella_7_9386,99.034,Prevotella jejuni 20925_1_32
Prevotella_7_9386,98.068,Prevotella melaninogenica 27098_8_100
Prevotella_7_9387,98.551,Prevotella histicola 20925_1_16
Prevotella_7_9387,99.034,Prevotella jejuni 20925_1_32
Prevotella_7_9387,98.068,Prevotella melaninogenica 27098_8_100
Prevotella_7_9408,97.585,Prevotella histicola 20925_1_16
Prevotella_7_9408,98.068,Prevotella jejuni 20925_1_32
Prevotella_7_9408,97.101,Prevotella melaninogenica 27098_8_100
Prevotella_7_9409,98.068,Prevotella histicola 20925_1_16
Prevotella_7_9409,98.551,Prevotella jejuni 20925_1_32
Prevotella_7_9409,97.585,Prevotella melaninogenica 27098_8_100
Prevotella_7_9439,96.135,Prevotella histicola 20925_1_16
Prevotella_7_9439,95.652,Prevotella jejuni 20925_1_32
Prevotella_7_9439,95.652,Prevotella melaninogenica 27098_8_100
Prevotella_7_9459,,no_isolate
Prevotella_7_9463,,no_isolate
Prevotella_7_9526,99.034,Prevotella histicola 20925_1_16
Prevotella_7_9526,98.551,Prevotella jejuni 20925_1_32
Prevotella_7_9526,97.585,Prevotella melaninogenica 27098_8_100
Prevotella_7_9528,99.517,Prevotella histicola 20925_1_16
Prevotella_7_9528,99.034,Prevotella jejuni 20925_1_32
Prevotella_7_9528,98.068,Prevotella melaninogenica 27098_8_100
Prevotella_7_9588,99.517,Prevotella histicola 20925_1_16
Prevotella_7_9588,98.068,Prevotella jejuni 20925_1_32
Prevotella_7_9588,98.068,Prevotella melaninogenica 27098_8_100
Prevotella_7_9917,98.068,Prevotella histicola 20925_1_16
Prevotella_7_9917,98.551,Prevotella jejuni 20925_1_32
Prevotella_7_9917,98.551,Prevotella melaninogenica 27098_8_100
Prevotella_7_9919,98.551,Prevotella histicola 20925_1_16
Prevotella_7_9919,99.034,Prevotella jejuni 20925_1_32
Prevotella_7_9919,99.034,Prevotella melaninogenica 27098_8_100
Prevotella_7_9920,98.551,Prevotella histicola 20925_1_16
Prevotella_7_9920,98.068,Prevotella jejuni 20925_1_32
Prevotella_7_9920,99.034,Prevotella melaninogenica 27098_8_100
Prevotella_7_9921,99.517,Prevotella histicola 20925_1_16
Prevotella_7_9921,99.034,Prevotella jejuni 20925_1_32
Prevotella_7_9921,99.034,Prevotella melaninogenica 27098_8_100
Prevotella_7_9922,99.034,Prevotella histicola 20925_1_16
Prevotella_7_9922,98.551,Prevotella jejuni 20925_1_32
Prevotella_7_9922,98.551,Prevotella melaninogenica 27098_8_100
Prevotella_7_9923,99.034,Prevotella histicola 20925_1_16
Prevotella_7_9923,98.551,Prevotella jejuni 20925_1_32
Prevotella_7_9923,99.517,Prevotella melaninogenica 27098_8_100
Prevotella_7_9927,98.551,Prevotella histicola 20925_1_16
Prevotella_7_9927,98.068,Prevotella jejuni 20925_1_32
Prevotella_7_9927,100,Prevotella melaninogenica 27098_8_100
Prevotella_7_9939,98.068,Prevotella histicola 20925_1_16
Prevotella_7_9939,97.585,Prevotella jejuni 20925_1_32
Prevotella_7_9939,99.517,Prevotella melaninogenica 27098_8_100
Prevotella_7_9941,98.068,Prevotella histicola 20925_1_16
Prevotella_7_9941,97.585,Prevotella jejuni 20925_1_32
Prevotella_7_9941,99.517,Prevotella melaninogenica 27098_8_100
Prevotella_7_9942,98.068,Prevotella histicola 20925_1_16
Prevotella_7_9942,97.585,Prevotella jejuni 20925_1_32
Prevotella_7_9942,99.517,Prevotella melaninogenica 27098_8_100
Prevotella_7_9943,98.068,Prevotella histicola 20925_1_16
Prevotella_7_9943,97.585,Prevotella jejuni 20925_1_32
Prevotella_7_9943,99.517,Prevotella melaninogenica 27098_8_100
Prevotella_7_9944,98.068,Prevotella histicola 20925_1_16
Prevotella_7_9944,97.585,Prevotella jejuni 20925_1_32
Prevotella_7_9944,99.517,Prevotella melaninogenica 27098_8_100
Prevotella_7_9945,99.034,Prevotella histicola 20925_1_16
Prevotella_7_9945,98.551,Prevotella jejuni 20925_1_32
Prevotella_7_9945,99.517,Prevotella melaninogenica 27098_8_100
Prevotella_7_10285,95.652,Prevotella melaninogenica 27098_8_100
Prevotella_7_10291,99.517,Prevotella histicola 20925_1_16
Prevotella_7_10291,98.068,Prevotella jejuni 20925_1_32
Prevotella_7_10291,99.034,Prevotella melaninogenica 27098_8_100
Prevotella_7_10292,99.517,Prevotella histicola 20925_1_16
Prevotella_7_10292,98.068,Prevotella jejuni 20925_1_32
Prevotella_7_10292,98.068,Prevotella melaninogenica 27098_8_100
Prevotella_7_10458,100,Prevotella histicola 20925_1_16
Prevotella_7_10458,98.551,Prevotella jejuni 20925_1_32
Prevotella_7_10458,98.551,Prevotella melaninogenica 27098_8_100
Prevotella_7_10459,99.517,Prevotella histicola 20925_1_16
Prevotella_7_10459,98.068,Prevotella jejuni 20925_1_32
Prevotella_7_10459,99.034,Prevotella melaninogenica 27098_8_100
Prevotella_7_10495,,no_isolate
Prevotellaceae_10506,,no_isolate
Prevotella_7_10566,95.169,Prevotella histicola 20925_1_16
Prevotella_7_10566,95.652,Prevotella jejuni 20925_1_32
Prevotella_7_10566,95.652,Prevotella melaninogenica 27098_8_100
Prevotella_6_10633,,no_isolate
Prevotellaceae_10636,,no_isolate
Lachnoanaerobaculum_10729,,no_isolate
Lachnoanaerobaculum_10730,,no_isolate
Lachnoanaerobaculum_10731,,no_isolate
Lachnoanaerobaculum_10733,,no_isolate
Lachnoanaerobaculum_10749,,no_isolate
Lachnoanaerobaculum_10750,,no_isolate
Lachnoanaerobaculum_10754,,no_isolate
Lachnoanaerobaculum_10764,,no_isolate
Lachnoanaerobaculum_10772,,no_isolate
Butyrivibrio_2_10821,,no_isolate
Lachnospiraceae_10823,,no_isolate
Johnsonella_10825,,no_isolate
Lachnoanaerobaculum_10944,,no_isolate
Lachnoanaerobaculum_10949,,no_isolate
Veillonella_11011,,no_isolate
Veillonella_11022,,no_isolate
Lachnospiraceae_11103,,no_isolate
Lachnospiraceae_11104,,no_isolate
Lachnospiraceae_11113,,no_isolate
Lachnoanaerobaculum_11119,,no_isolate
Lachnospiraceae_11126,,no_isolate
Lachnospiraceae_11153,,no_isolate
Butyrivibrio_2_11167,,no_isolate
Butyrivibrio_2_11172,,no_isolate
Lachnospiraceae_11236,,no_isolate
[Eubacterium]_ventriosum_group_11238,,no_isolate
[Eubacterium]_ventriosum_group_11239,,no_isolate
Lachnospiraceae_11241,,no_isolate
Lachnoclostridium_11244,,no_isolate
[Ruminococcus]_gnavus_group_11245,,no_isolate
Lachnoclostridium_11249,,no_isolate
Lachnoclostridium_11251,,no_isolate
Dorea_11253,,no_isolate
Roseburia_11261,,no_isolate
Roseburia_11265,,no_isolate
Roseburia_11267,,no_isolate
Lachnospiraceae_11271,,no_isolate
Roseburia_11279,,no_isolate
Lachnospiraceae_UCG-001_11286,,no_isolate
Lachnospiraceae_UCG-001_11288,,no_isolate
Roseburia_11293,,no_isolate
Roseburia_11297,,no_isolate
Lachnospiraceae_11305,,no_isolate
Lachnospiraceae_11308,,no_isolate
Lachnospiraceae_11314,,no_isolate
Lachnospiraceae_11319,,no_isolate
Roseburia_11320,,no_isolate
Lachnospiraceae_11369,,no_isolate
Lachnospiraceae_11507,,no_isolate
Lachnospiraceae_11661,,no_isolate
Oribacterium_11756,,no_isolate
Oribacterium_11762,,no_isolate
Oribacterium_11770,,no_isolate
Oribacterium_11774,,no_isolate
Oribacterium_11798,,no_isolate
Oribacterium_11845,,no_isolate
Oribacterium_11850,,no_isolate
Oribacterium_11884,,no_isolate
Oribacterium_11895,,no_isolate
Oribacterium_11920,,no_isolate
Oribacterium_11965,,no_isolate
Lachnospiraceae_NK4A136_group_11987,,no_isolate
Lachnospiraceae_NK4A136_group_11990,,no_isolate
Lachnospiraceae_11993,,no_isolate
Lachnospiraceae_11995,,no_isolate
Lachnospiraceae_11996,,no_isolate
Eisenbergiella_12003,,no_isolate
Lachnospiraceae_12004,,no_isolate
Lachnospiraceae_12005,,no_isolate
Lachnospiraceae_NK4A136_group_12012,,no_isolate
Lachnospiraceae_NK4A136_group_12015,,no_isolate
[Ruminococcus]_torques_group_12016,,no_isolate
Lachnospiraceae_UCG-006_12017,,no_isolate
Lachnospiraceae_UCG-006_12019,,no_isolate
Lachnospiraceae_UCG-006_12020,,no_isolate
[Ruminococcus]_torques_group_12027,,no_isolate
[Ruminococcus]_gauvreauii_group_12031,,no_isolate
Fusicatenibacter_12038,,no_isolate
Lachnospiraceae_12045,,no_isolate
Oribacterium_12048,,no_isolate
Marvinbryantia_12055,,no_isolate
Blautia_12059,,no_isolate
Lachnospiraceae_12063,,no_isolate
Lachnospiraceae_12070,,no_isolate
Lachnospiraceae_12072,,no_isolate
Blautia_12079,,no_isolate
Blautia_12080,,no_isolate
Lachnospiraceae_12086,,no_isolate
Blautia_12095,,no_isolate
Lachnospiraceae_12098,,no_isolate
Lachnospiraceae_NK4A136_group_12099,,no_isolate
Lachnospiraceae_NK4A136_group_12100,,no_isolate
Lachnospiraceae_NK4A136_group_12108,,no_isolate
Lachnospiraceae_NK4A136_group_12109,,no_isolate
Lachnospiraceae_NK4A136_group_12110,,no_isolate
Lachnospiraceae_NK4A136_group_12114,,no_isolate
Lachnospiraceae_12119,,no_isolate
Lachnospiraceae_NK4A136_group_12126,,no_isolate
Lachnospiraceae_NK4A136_group_12129,,no_isolate
Lachnospiraceae_NK4A136_group_12130,,no_isolate
Lachnospiraceae_NK4A136_group_12132,,no_isolate
Lachnospiraceae_NK4A136_group_12134,,no_isolate
Lachnospiraceae_NK4A136_group_12135,,no_isolate
Lachnospiraceae_NK4A136_group_12140,,no_isolate
Lachnospiraceae_NK4A136_group_12142,,no_isolate
Lachnospiraceae_NK4A136_group_12144,,no_isolate
Lachnospiraceae_NK4A136_group_12146,,no_isolate
Lachnospiraceae_12150,,no_isolate
Lachnoclostridium_12151,,no_isolate
Lachnospiraceae_12157,,no_isolate
Lachnospiraceae_12158,,no_isolate
Lachnospiraceae_12171,,no_isolate
Lachnospiraceae_12177,,no_isolate
Lachnospiraceae_12178,,no_isolate
Lachnospiraceae_12182,,no_isolate
Lachnospiraceae_12183,,no_isolate
Lachnospiraceae_12184,,no_isolate
Lachnospiraceae_12185,,no_isolate
Lachnospiraceae_12187,,no_isolate
Lachnospiraceae_12189,,no_isolate
Blautia_12191,,no_isolate
Blautia_12193,,no_isolate
Lachnospiraceae_12198,,no_isolate
Lachnospiraceae_12201,,no_isolate
Lachnospiraceae_12203,,no_isolate
Lachnospiraceae_12204,,no_isolate
Lachnospiraceae_12206,,no_isolate
Roseburia_12211,,no_isolate
Roseburia_12215,,no_isolate
Lachnospiraceae_12219,,no_isolate
A2_12222,,no_isolate
A2_12223,,no_isolate
A2_12224,,no_isolate
Howardella_12226,,no_isolate
Howardella_12227,,no_isolate
Lachnospiraceae_12229,,no_isolate
Lachnospiraceae_12231,,no_isolate
Lachnospiraceae_NK4A136_group_12232,,no_isolate
Lachnospiraceae_12234,,no_isolate
Lachnospiraceae_12236,,no_isolate
Lachnospiraceae_12237,,no_isolate
Lachnospiraceae_12241,,no_isolate
Johnsonella_12261,,no_isolate
Johnsonella_12262,,no_isolate
Lachnospiraceae_12269,,no_isolate
Lachnospiraceae_12271,,no_isolate
Lachnospiraceae_12272,,no_isolate
Lachnospiraceae_12273,,no_isolate
Lachnospiraceae_12276,,no_isolate
Lachnospiraceae_12278,,no_isolate
Lachnospiraceae_12279,,no_isolate
Lachnospiraceae_12282,,no_isolate
Tyzzerella_4_12285,,no_isolate
Roseburia_12289,,no_isolate
Streptococcus_12314,95.146,Streptococcus chosunense 27098_8_53
Streptococcus_12314,95.146,Streptococcus n.sp. 27098_8_86
Streptococcus_12314,95.146,Streptococcus n.sp. 20925_1_44
Streptococcus_12314,95.146,Streptococcus n.sp. 27098_8_22
Streptococcus_12314,95.146,Streptococcus n.sp. 27098_8_69
Streptococcus_12314,95.146,Streptococcus n.sp. 27098_8_91
Streptococcus_12314,95.146,Streptococcus n.sp. 20925_1_69
Streptococcus_12314,95.146,Streptococcus n.sp. 27098_8_103
Streptococcus_12314,95.146,Streptococcus n.sp. 27098_8_109
Streptococcus_12314,95.146,Streptococcus n.sp. 27098_8_76
Streptococcus_12314,95.146,Streptococcus mitis 27098_8_87
Streptococcus_12314,95.146,Streptococcus n.sp. 27098_8_51
Streptococcus_12314,95.146,Streptococcus n.sp. 27098_8_70
Streptococcus_12314,95.146,Streptococcus pseudopneumoniae 20925_1_26
Moraxella_12374,,no_isolate
Moraxella_12376,,no_isolate
Moraxella_12380,,no_isolate
Moraxella_12381,,no_isolate
Moraxella_12384,,no_isolate
Moraxella_12392,,no_isolate
Moraxella_12395,,no_isolate
Moraxella_12398,,no_isolate
Moraxella_12414,,no_isolate
Enhydrobacter_12415,,no_isolate
Moraxella_12417,,no_isolate
Moraxellaceae_12418,,no_isolate
Neisseria_12533,,no_isolate
Neisseria_12534,95.652,Neisseria flavescens 20925_1_23
Neisseria_12534,95.652,Neisseria n.sp. 20925_1_37
Neisseria_12534,95.652,Neisseria n.sp. 27098_8_112
Neisseria_12534,95.652,Neisseria n.sp. 27098_8_139
Neisseria_12534,95.652,Neisseria subflava 27098_8_142
Neisseria_12534,95.652,Neisseria n.sp. 27098_8_158
Burkholderia-Caballeronia-Paraburkholderia_12580,,no_isolate
Lautropia_12687,,no_isolate
Neisseria_12692,,no_isolate
Neisseria_12853,98.068,Neisseria flavescens 20925_1_23
Neisseria_12853,98.068,Neisseria n.sp. 20925_1_37
Neisseria_12853,98.068,Neisseria n.sp. 27098_8_112
Neisseria_12853,98.068,Neisseria n.sp. 27098_8_139
Neisseria_12853,98.068,Neisseria subflava 27098_8_142
Neisseria_12853,98.068,Neisseria n.sp. 27098_8_158
Neisseria_12947,99.517,Neisseria flavescens 20925_1_23
Neisseria_12947,99.517,Neisseria n.sp. 20925_1_37
Neisseria_12947,99.517,Neisseria n.sp. 27098_8_112
Neisseria_12947,99.517,Neisseria n.sp. 27098_8_139
Neisseria_12947,99.517,Neisseria subflava 27098_8_142
Neisseria_12947,99.517,Neisseria n.sp. 27098_8_158
Neisseria_12948,99.517,Neisseria flavescens 20925_1_23
Neisseria_12948,99.517,Neisseria n.sp. 20925_1_37
Neisseria_12948,99.517,Neisseria n.sp. 27098_8_112
Neisseria_12948,99.517,Neisseria n.sp. 27098_8_139
Neisseria_12948,99.517,Neisseria subflava 27098_8_142
Neisseria_12948,99.517,Neisseria n.sp. 27098_8_158
Neisseria_12949,99.517,Neisseria flavescens 20925_1_23
Neisseria_12949,99.517,Neisseria n.sp. 20925_1_37
Neisseria_12949,99.517,Neisseria n.sp. 27098_8_112
Neisseria_12949,99.517,Neisseria n.sp. 27098_8_139
Neisseria_12949,99.517,Neisseria subflava 27098_8_142
Neisseria_12949,99.517,Neisseria n.sp. 27098_8_158
Neisseria_12955,97.585,Neisseria flavescens 20925_1_23
Neisseria_12955,97.585,Neisseria n.sp. 20925_1_37
Neisseria_12955,97.585,Neisseria n.sp. 27098_8_112
Neisseria_12955,97.585,Neisseria n.sp. 27098_8_139
Neisseria_12955,97.585,Neisseria subflava 27098_8_142
Neisseria_12955,97.585,Neisseria n.sp. 27098_8_158
Neisseria_12956,98.551,Neisseria flavescens 20925_1_23
Neisseria_12956,98.551,Neisseria n.sp. 20925_1_37
Neisseria_12956,98.551,Neisseria n.sp. 27098_8_112
Neisseria_12956,98.551,Neisseria n.sp. 27098_8_139
Neisseria_12956,98.551,Neisseria subflava 27098_8_142
Neisseria_12956,98.551,Neisseria n.sp. 27098_8_158
Neisseria_12966,,no_isolate
Neisseria_12968,,no_isolate
Neisseria_12969,,no_isolate
Neisseria_12973,,no_isolate
Neisseria_12974,,no_isolate
Neisseria_12975,,no_isolate
Neisseria_12976,,no_isolate
Neisseria_12977,,no_isolate
Neisseria_12978,,no_isolate
Neisseria_12981,,no_isolate
Neisseria_12982,,no_isolate
Neisseria_12983,,no_isolate
Neisseria_12984,,no_isolate
Neisseria_12988,,no_isolate
Neisseria_12989,,no_isolate
Neisseria_12990,,no_isolate
Neisseria_12991,,no_isolate
Neisseria_12992,,no_isolate
Neisseria_12993,,no_isolate
Neisseria_12994,,no_isolate
Neisseria_12995,,no_isolate
Neisseria_12996,,no_isolate
Neisseria_12997,,no_isolate
Neisseria_12998,99.517,Neisseria flavescens 20925_1_23
Neisseria_12998,99.517,Neisseria n.sp. 20925_1_37
Neisseria_12998,99.517,Neisseria n.sp. 27098_8_112
Neisseria_12998,99.517,Neisseria n.sp. 27098_8_139
Neisseria_12998,99.517,Neisseria subflava 27098_8_142
Neisseria_12998,99.517,Neisseria n.sp. 27098_8_158
Neisseria_13003,99.517,Neisseria flavescens 20925_1_23
Neisseria_13003,99.517,Neisseria n.sp. 20925_1_37
Neisseria_13003,99.517,Neisseria n.sp. 27098_8_112
Neisseria_13003,99.517,Neisseria n.sp. 27098_8_139
Neisseria_13003,99.517,Neisseria subflava 27098_8_142
Neisseria_13003,99.517,Neisseria n.sp. 27098_8_158
Neisseria_13005,99.517,Neisseria flavescens 20925_1_23
Neisseria_13005,99.517,Neisseria n.sp. 20925_1_37
Neisseria_13005,99.517,Neisseria n.sp. 27098_8_112
Neisseria_13005,99.517,Neisseria n.sp. 27098_8_139
Neisseria_13005,99.517,Neisseria subflava 27098_8_142
Neisseria_13005,99.517,Neisseria n.sp. 27098_8_158
Neisseria_13006,99.517,Neisseria flavescens 20925_1_23
Neisseria_13006,99.517,Neisseria n.sp. 20925_1_37
Neisseria_13006,99.517,Neisseria n.sp. 27098_8_112
Neisseria_13006,99.517,Neisseria n.sp. 27098_8_139
Neisseria_13006,99.517,Neisseria subflava 27098_8_142
Neisseria_13006,99.517,Neisseria n.sp. 27098_8_158
Neisseria_13007,99.034,Neisseria flavescens 20925_1_23
Neisseria_13007,99.034,Neisseria n.sp. 20925_1_37
Neisseria_13007,99.034,Neisseria n.sp. 27098_8_112
Neisseria_13007,99.034,Neisseria n.sp. 27098_8_139
Neisseria_13007,99.034,Neisseria subflava 27098_8_142
Neisseria_13007,99.034,Neisseria n.sp. 27098_8_158
Neisseria_13008,99.034,Neisseria flavescens 20925_1_23
Neisseria_13008,99.034,Neisseria n.sp. 20925_1_37
Neisseria_13008,99.034,Neisseria n.sp. 27098_8_112
Neisseria_13008,99.034,Neisseria n.sp. 27098_8_139
Neisseria_13008,99.034,Neisseria subflava 27098_8_142
Neisseria_13008,99.034,Neisseria n.sp. 27098_8_158
Neisseria_13011,99.034,Neisseria flavescens 20925_1_23
Neisseria_13011,99.034,Neisseria n.sp. 20925_1_37
Neisseria_13011,99.034,Neisseria n.sp. 27098_8_112
Neisseria_13011,99.034,Neisseria n.sp. 27098_8_139
Neisseria_13011,99.034,Neisseria subflava 27098_8_142
Neisseria_13011,99.034,Neisseria n.sp. 27098_8_158
Neisseria_13014,99.517,Neisseria flavescens 20925_1_23
Neisseria_13014,99.517,Neisseria n.sp. 20925_1_37
Neisseria_13014,99.517,Neisseria n.sp. 27098_8_112
Neisseria_13014,99.517,Neisseria n.sp. 27098_8_139
Neisseria_13014,99.517,Neisseria subflava 27098_8_142
Neisseria_13014,99.517,Neisseria n.sp. 27098_8_158
Neisseria_13015,99.517,Neisseria flavescens 20925_1_23
Neisseria_13015,99.517,Neisseria n.sp. 20925_1_37
Neisseria_13015,99.517,Neisseria n.sp. 27098_8_112
Neisseria_13015,99.517,Neisseria n.sp. 27098_8_139
Neisseria_13015,99.517,Neisseria subflava 27098_8_142
Neisseria_13015,99.517,Neisseria n.sp. 27098_8_158
Neisseria_13021,99.517,Neisseria flavescens 20925_1_23
Neisseria_13021,99.517,Neisseria n.sp. 20925_1_37
Neisseria_13021,99.517,Neisseria n.sp. 27098_8_112
Neisseria_13021,99.517,Neisseria n.sp. 27098_8_139
Neisseria_13021,99.517,Neisseria subflava 27098_8_142
Neisseria_13021,99.517,Neisseria n.sp. 27098_8_158
Neisseria_13022,99.517,Neisseria flavescens 20925_1_23
Neisseria_13022,99.517,Neisseria n.sp. 20925_1_37
Neisseria_13022,99.517,Neisseria n.sp. 27098_8_112
Neisseria_13022,99.517,Neisseria n.sp. 27098_8_139
Neisseria_13022,99.517,Neisseria subflava 27098_8_142
Neisseria_13022,99.517,Neisseria n.sp. 27098_8_158
Neisseria_13048,99.517,Neisseria flavescens 20925_1_23
Neisseria_13048,99.517,Neisseria n.sp. 20925_1_37
Neisseria_13048,99.517,Neisseria n.sp. 27098_8_112
Neisseria_13048,99.517,Neisseria n.sp. 27098_8_139
Neisseria_13048,99.517,Neisseria subflava 27098_8_142
Neisseria_13048,99.517,Neisseria n.sp. 27098_8_158
Neisseria_13055,99.034,Neisseria flavescens 20925_1_23
Neisseria_13055,99.034,Neisseria n.sp. 20925_1_37
Neisseria_13055,99.034,Neisseria n.sp. 27098_8_112
Neisseria_13055,99.034,Neisseria n.sp. 27098_8_139
Neisseria_13055,99.034,Neisseria subflava 27098_8_142
Neisseria_13055,99.034,Neisseria n.sp. 27098_8_158
Neisseria_13057,99.034,Neisseria flavescens 20925_1_23
Neisseria_13057,99.034,Neisseria n.sp. 20925_1_37
Neisseria_13057,99.034,Neisseria n.sp. 27098_8_112
Neisseria_13057,99.034,Neisseria n.sp. 27098_8_139
Neisseria_13057,99.034,Neisseria subflava 27098_8_142
Neisseria_13057,99.034,Neisseria n.sp. 27098_8_158
Neisseria_13058,98.551,Neisseria flavescens 20925_1_23
Neisseria_13058,98.551,Neisseria n.sp. 20925_1_37
Neisseria_13058,98.551,Neisseria n.sp. 27098_8_112
Neisseria_13058,98.551,Neisseria n.sp. 27098_8_139
Neisseria_13058,98.551,Neisseria subflava 27098_8_142
Neisseria_13058,98.551,Neisseria n.sp. 27098_8_158
Neisseria_13069,99.517,Neisseria flavescens 20925_1_23
Neisseria_13069,99.517,Neisseria n.sp. 20925_1_37
Neisseria_13069,99.517,Neisseria n.sp. 27098_8_112
Neisseria_13069,99.517,Neisseria n.sp. 27098_8_139
Neisseria_13069,99.517,Neisseria subflava 27098_8_142
Neisseria_13069,99.517,Neisseria n.sp. 27098_8_158
Neisseria_13070,99.517,Neisseria flavescens 20925_1_23
Neisseria_13070,99.517,Neisseria n.sp. 20925_1_37
Neisseria_13070,99.517,Neisseria n.sp. 27098_8_112
Neisseria_13070,99.517,Neisseria n.sp. 27098_8_139
Neisseria_13070,99.517,Neisseria subflava 27098_8_142
Neisseria_13070,99.517,Neisseria n.sp. 27098_8_158
Neisseria_13109,100,Neisseria flavescens 20925_1_23
Neisseria_13109,100,Neisseria n.sp. 20925_1_37
Neisseria_13109,100,Neisseria n.sp. 27098_8_112
Neisseria_13109,100,Neisseria n.sp. 27098_8_139
Neisseria_13109,100,Neisseria subflava 27098_8_142
Neisseria_13109,100,Neisseria n.sp. 27098_8_158
Neisseria_13487,98.551,Neisseria flavescens 20925_1_23
Neisseria_13487,98.551,Neisseria n.sp. 20925_1_37
Neisseria_13487,98.551,Neisseria n.sp. 27098_8_112
Neisseria_13487,98.551,Neisseria n.sp. 27098_8_139
Neisseria_13487,98.551,Neisseria subflava 27098_8_142
Neisseria_13487,98.551,Neisseria n.sp. 27098_8_158
Neisseria_13498,97.101,Neisseria flavescens 20925_1_23
Neisseria_13498,97.101,Neisseria n.sp. 20925_1_37
Neisseria_13498,97.101,Neisseria n.sp. 27098_8_112
Neisseria_13498,97.101,Neisseria n.sp. 27098_8_139
Neisseria_13498,97.101,Neisseria subflava 27098_8_142
Neisseria_13498,97.101,Neisseria n.sp. 27098_8_158
Neisseria_13508,97.101,Neisseria flavescens 20925_1_23
Neisseria_13508,97.101,Neisseria n.sp. 20925_1_37
Neisseria_13508,97.101,Neisseria n.sp. 27098_8_112
Neisseria_13508,97.101,Neisseria n.sp. 27098_8_139
Neisseria_13508,97.101,Neisseria subflava 27098_8_142
Neisseria_13508,97.101,Neisseria n.sp. 27098_8_158
Neisseriaceae_13510,96.135,Neisseria flavescens 20925_1_23
Neisseriaceae_13510,96.135,Neisseria n.sp. 20925_1_37
Neisseriaceae_13510,96.135,Neisseria n.sp. 27098_8_112
Neisseriaceae_13510,96.135,Neisseria n.sp. 27098_8_139
Neisseriaceae_13510,96.135,Neisseria subflava 27098_8_142
Neisseriaceae_13510,96.135,Neisseria n.sp. 27098_8_158
Neisseriaceae_13515,,no_isolate
Kingella_13519,,no_isolate
Kingella_13520,,no_isolate
Kingella_13528,,no_isolate
Neisseriaceae_13534,,no_isolate
Neisseriaceae_13535,,no_isolate
Neisseriaceae_13540,,no_isolate
Alysiella_13546,,no_isolate
Alysiella_13547,,no_isolate
Neisseriaceae_13551,,no_isolate
Neisseria_13555,96.135,Neisseria flavescens 20925_1_23
Neisseria_13555,96.135,Neisseria n.sp. 20925_1_37
Neisseria_13555,96.135,Neisseria n.sp. 27098_8_112
Neisseria_13555,96.135,Neisseria n.sp. 27098_8_139
Neisseria_13555,96.135,Neisseria subflava 27098_8_142
Neisseria_13555,96.135,Neisseria n.sp. 27098_8_158
Neisseria_13558,,no_isolate
Neisseria_13561,96.618,Neisseria flavescens 20925_1_23
Neisseria_13561,96.618,Neisseria n.sp. 20925_1_37
Neisseria_13561,96.618,Neisseria n.sp. 27098_8_112
Neisseria_13561,96.618,Neisseria n.sp. 27098_8_139
Neisseria_13561,96.618,Neisseria subflava 27098_8_142
Neisseria_13561,96.618,Neisseria n.sp. 27098_8_158
Neisseria_13565,95.169,Neisseria flavescens 20925_1_23
Neisseria_13565,95.169,Neisseria n.sp. 20925_1_37
Neisseria_13565,95.169,Neisseria n.sp. 27098_8_112
Neisseria_13565,95.169,Neisseria n.sp. 27098_8_139
Neisseria_13565,95.169,Neisseria subflava 27098_8_142
Neisseria_13565,95.169,Neisseria n.sp. 27098_8_158
Neisseriaceae_13575,96.618,Neisseria flavescens 20925_1_23
Neisseriaceae_13575,96.618,Neisseria n.sp. 20925_1_37
Neisseriaceae_13575,96.618,Neisseria n.sp. 27098_8_112
Neisseriaceae_13575,96.618,Neisseria n.sp. 27098_8_139
Neisseriaceae_13575,96.618,Neisseria subflava 27098_8_142
Neisseriaceae_13575,96.618,Neisseria n.sp. 27098_8_158
Neisseriaceae_13577,96.618,Neisseria flavescens 20925_1_23
Neisseriaceae_13577,96.618,Neisseria n.sp. 20925_1_37
Neisseriaceae_13577,96.618,Neisseria n.sp. 27098_8_112
Neisseriaceae_13577,96.618,Neisseria n.sp. 27098_8_139
Neisseriaceae_13577,96.618,Neisseria subflava 27098_8_142
Neisseriaceae_13577,96.618,Neisseria n.sp. 27098_8_158
Neisseriaceae_13578,,no_isolate
Neisseriaceae_13586,95.652,Neisseria flavescens 20925_1_23
Neisseriaceae_13586,95.652,Neisseria n.sp. 20925_1_37
Neisseriaceae_13586,95.652,Neisseria n.sp. 27098_8_112
Neisseriaceae_13586,95.652,Neisseria n.sp. 27098_8_139
Neisseriaceae_13586,95.652,Neisseria subflava 27098_8_142
Neisseriaceae_13586,95.652,Neisseria n.sp. 27098_8_158
Neisseria_13589,97.101,Neisseria flavescens 20925_1_23
Neisseria_13589,97.101,Neisseria n.sp. 20925_1_37
Neisseria_13589,97.101,Neisseria n.sp. 27098_8_112
Neisseria_13589,97.101,Neisseria n.sp. 27098_8_139
Neisseria_13589,97.101,Neisseria subflava 27098_8_142
Neisseria_13589,97.101,Neisseria n.sp. 27098_8_158
Neisseria_13616,,no_isolate
Neisseria_13617,,no_isolate
Neisseria_13618,,no_isolate
Herbaspirillum_13782,,no_isolate
Herbaspirillum_13783,,no_isolate
Propionivibrio_13815,,no_isolate
Neisseriaceae_13817,,no_isolate
Undibacterium_13823,,no_isolate
Acinetobacter_13876,,no_isolate
Acinetobacter_13879,,no_isolate
Acinetobacter_13881,,no_isolate
Acinetobacter_13882,,no_isolate
Acinetobacter_13883,,no_isolate
Acinetobacter_13884,,no_isolate
Acinetobacter_13891,,no_isolate
Acinetobacter_13897,,no_isolate
Acinetobacter_13899,,no_isolate
Acinetobacter_13900,,no_isolate
Acinetobacter_13903,,no_isolate
Acinetobacter_13904,,no_isolate
Acinetobacter_13906,,no_isolate
Acinetobacter_13907,,no_isolate
Acinetobacter_13909,,no_isolate
Acinetobacter_13911,,no_isolate
Burkholderia-Caballeronia-Paraburkholderia_13917,,no_isolate
Burkholderiaceae_13923,,no_isolate
Burkholderiaceae_13935,,no_isolate
Acidovorax_13946,,no_isolate
Burkholderiaceae_13947,,no_isolate
Variovorax_13949,,no_isolate
Burkholderiaceae_13958,,no_isolate
Burkholderiaceae_13965,,no_isolate
Burkholderiaceae_13974,,no_isolate
Burkholderiaceae_13976,,no_isolate
Variovorax_13978,,no_isolate
Comamonas_13987,,no_isolate
Burkholderiaceae_13989,,no_isolate
Burkholderiaceae_13996,,no_isolate
Ralstonia_14010,,no_isolate
Ralstonia_14018,,no_isolate
Cupriavidus_14031,100,Cupriavidus gilardii 27098_8_120
Achromobacter_14039,,no_isolate
Achromobacter_14050,,no_isolate
Achromobacter_14052,,no_isolate
Parasutterella_14064,,no_isolate
Limnobacter_14072,,no_isolate
Zoogloea_14084,,no_isolate
Brachymonas_14086,,no_isolate
Burkholderia-Caballeronia-Paraburkholderia_14093,,no_isolate
Burkholderia-Caballeronia-Paraburkholderia_14094,,no_isolate
Burkholderia-Caballeronia-Paraburkholderia_14123,,no_isolate
Burkholderia-Caballeronia-Paraburkholderia_14134,,no_isolate
Burkholderia-Caballeronia-Paraburkholderia_14136,,no_isolate
Burkholderia-Caballeronia-Paraburkholderia_14140,,no_isolate
Burkholderia-Caballeronia-Paraburkholderia_14143,,no_isolate
Burkholderia-Caballeronia-Paraburkholderia_14146,,no_isolate
Burkholderia-Caballeronia-Paraburkholderia_14152,,no_isolate
Herbaspirillum_14190,,no_isolate
Haemophilus_14211,,no_isolate
Pasteurella_14230,,no_isolate
Pasteurella_14240,95.169,Haemophilus_paraphrohaemolyticus_27098_8_11
Pasteurella_14240,95.169,Haemophilus sputorum 20925_1_15
Pasteurellaceae_14255,,no_isolate
Pasteurellaceae_14256,,no_isolate
Haemophilus_14474,,no_isolate
Haemophilus_14537,97.101,Haemophilus n.sp. 27098_8_127
Haemophilus_14537,97.101,Haemophilus parainfluenzae 27098_8_33
Haemophilus_14537,96.618,Haemophilus_paraphrohaemolyticus_27098_8_11
Haemophilus_14537,96.618,Haemophilus sputorum 20925_1_15
Haemophilus_14548,96.618,Haemophilus n.sp. 27098_8_127
Haemophilus_14548,96.618,Haemophilus parainfluenzae 27098_8_33
Haemophilus_14548,96.135,Haemophilus_paraphrohaemolyticus_27098_8_11
Haemophilus_14548,96.135,Haemophilus sputorum 20925_1_15
Haemophilus_14566,97.585,Haemophilus n.sp. 27098_8_127
Haemophilus_14566,97.585,Haemophilus parainfluenzae 27098_8_33
Haemophilus_14566,97.101,Haemophilus_paraphrohaemolyticus_27098_8_11
Haemophilus_14566,97.101,Haemophilus sputorum 20925_1_15
Haemophilus_14569,97.101,Haemophilus n.sp. 27098_8_127
Haemophilus_14569,97.101,Haemophilus parainfluenzae 27098_8_33
Haemophilus_14569,96.618,Haemophilus_paraphrohaemolyticus_27098_8_11
Haemophilus_14569,96.618,Haemophilus sputorum 20925_1_15
Haemophilus_14616,97.585,Haemophilus n.sp. 27098_8_127
Haemophilus_14616,97.585,Haemophilus parainfluenzae 27098_8_33
Haemophilus_14616,97.101,Haemophilus_paraphrohaemolyticus_27098_8_11
Haemophilus_14616,97.101,Haemophilus sputorum 20925_1_15
Haemophilus_14617,97.101,Haemophilus n.sp. 27098_8_127
Haemophilus_14617,97.101,Haemophilus parainfluenzae 27098_8_33
Haemophilus_14617,96.618,Haemophilus_paraphrohaemolyticus_27098_8_11
Haemophilus_14617,96.618,Haemophilus sputorum 20925_1_15
Haemophilus_14626,97.101,Haemophilus n.sp. 27098_8_127
Haemophilus_14626,97.101,Haemophilus parainfluenzae 27098_8_33
Haemophilus_14626,96.618,Haemophilus_paraphrohaemolyticus_27098_8_11
Haemophilus_14626,96.618,Haemophilus sputorum 20925_1_15
Haemophilus_14627,97.101,Haemophilus n.sp. 27098_8_127
Haemophilus_14627,97.101,Haemophilus parainfluenzae 27098_8_33
Haemophilus_14627,96.618,Haemophilus_paraphrohaemolyticus_27098_8_11
Haemophilus_14627,96.618,Haemophilus sputorum 20925_1_15
Haemophilus_14628,97.101,Haemophilus n.sp. 27098_8_127
Haemophilus_14628,97.101,Haemophilus parainfluenzae 27098_8_33
Haemophilus_14628,96.618,Haemophilus_paraphrohaemolyticus_27098_8_11
Haemophilus_14628,96.618,Haemophilus sputorum 20925_1_15
Haemophilus_14629,97.101,Haemophilus n.sp. 27098_8_127
Haemophilus_14629,97.101,Haemophilus parainfluenzae 27098_8_33
Haemophilus_14629,96.618,Haemophilus_paraphrohaemolyticus_27098_8_11
Haemophilus_14629,96.618,Haemophilus sputorum 20925_1_15
Haemophilus_14630,97.101,Haemophilus n.sp. 27098_8_127
Haemophilus_14630,97.101,Haemophilus parainfluenzae 27098_8_33
Haemophilus_14630,96.618,Haemophilus_paraphrohaemolyticus_27098_8_11
Haemophilus_14630,96.618,Haemophilus sputorum 20925_1_15
Haemophilus_14631,97.101,Haemophilus n.sp. 27098_8_127
Haemophilus_14631,97.101,Haemophilus parainfluenzae 27098_8_33
Haemophilus_14631,96.618,Haemophilus_paraphrohaemolyticus_27098_8_11
Haemophilus_14631,96.618,Haemophilus sputorum 20925_1_15
Haemophilus_14633,97.101,Haemophilus n.sp. 27098_8_127
Haemophilus_14633,97.101,Haemophilus parainfluenzae 27098_8_33
Haemophilus_14633,96.618,Haemophilus_paraphrohaemolyticus_27098_8_11
Haemophilus_14633,96.618,Haemophilus sputorum 20925_1_15
Haemophilus_14634,97.101,Haemophilus n.sp. 27098_8_127
Haemophilus_14634,97.101,Haemophilus parainfluenzae 27098_8_33
Haemophilus_14634,96.618,Haemophilus_paraphrohaemolyticus_27098_8_11
Haemophilus_14634,96.618,Haemophilus sputorum 20925_1_15
Haemophilus_14635,97.101,Haemophilus n.sp. 27098_8_127
Haemophilus_14635,97.101,Haemophilus parainfluenzae 27098_8_33
Haemophilus_14635,96.618,Haemophilus_paraphrohaemolyticus_27098_8_11
Haemophilus_14635,96.618,Haemophilus sputorum 20925_1_15
Haemophilus_14636,,no_isolate
Haemophilus_14637,97.101,Haemophilus n.sp. 27098_8_127
Haemophilus_14637,97.101,Haemophilus parainfluenzae 27098_8_33
Haemophilus_14637,96.618,Haemophilus_paraphrohaemolyticus_27098_8_11
Haemophilus_14637,96.618,Haemophilus sputorum 20925_1_15
Haemophilus_14638,96.618,Haemophilus n.sp. 27098_8_127
Haemophilus_14638,96.618,Haemophilus parainfluenzae 27098_8_33
Haemophilus_14638,96.135,Haemophilus_paraphrohaemolyticus_27098_8_11
Haemophilus_14638,96.135,Haemophilus sputorum 20925_1_15
Haemophilus_14644,97.101,Haemophilus n.sp. 27098_8_127
Haemophilus_14644,97.101,Haemophilus parainfluenzae 27098_8_33
Haemophilus_14644,96.618,Haemophilus_paraphrohaemolyticus_27098_8_11
Haemophilus_14644,96.618,Haemophilus sputorum 20925_1_15
Haemophilus_14659,,no_isolate
Haemophilus_14660,97.101,Haemophilus n.sp. 27098_8_127
Haemophilus_14660,97.101,Haemophilus parainfluenzae 27098_8_33
Haemophilus_14660,96.618,Haemophilus_paraphrohaemolyticus_27098_8_11
Haemophilus_14660,96.618,Haemophilus sputorum 20925_1_15
Haemophilus_14661,97.101,Haemophilus n.sp. 27098_8_127
Haemophilus_14661,97.101,Haemophilus parainfluenzae 27098_8_33
Haemophilus_14661,96.618,Haemophilus_paraphrohaemolyticus_27098_8_11
Haemophilus_14661,96.618,Haemophilus sputorum 20925_1_15
Haemophilus_14665,97.101,Haemophilus n.sp. 27098_8_127
Haemophilus_14665,97.101,Haemophilus parainfluenzae 27098_8_33
Haemophilus_14665,96.618,Haemophilus_paraphrohaemolyticus_27098_8_11
Haemophilus_14665,96.618,Haemophilus sputorum 20925_1_15
Haemophilus_14669,97.101,Haemophilus n.sp. 27098_8_127
Haemophilus_14669,97.101,Haemophilus parainfluenzae 27098_8_33
Haemophilus_14669,96.618,Haemophilus_paraphrohaemolyticus_27098_8_11
Haemophilus_14669,96.618,Haemophilus sputorum 20925_1_15
Haemophilus_14680,,no_isolate
Haemophilus_14692,96.618,Haemophilus n.sp. 27098_8_127
Haemophilus_14692,96.618,Haemophilus parainfluenzae 27098_8_33
Haemophilus_14692,96.135,Haemophilus_paraphrohaemolyticus_27098_8_11
Haemophilus_14692,96.135,Haemophilus sputorum 20925_1_15
Haemophilus_14693,97.101,Haemophilus n.sp. 27098_8_127
Haemophilus_14693,97.101,Haemophilus parainfluenzae 27098_8_33
Haemophilus_14693,96.618,Haemophilus_paraphrohaemolyticus_27098_8_11
Haemophilus_14693,96.618,Haemophilus sputorum 20925_1_15
Haemophilus_14694,97.585,Haemophilus n.sp. 27098_8_127
Haemophilus_14694,97.585,Haemophilus parainfluenzae 27098_8_33
Haemophilus_14694,97.101,Haemophilus_paraphrohaemolyticus_27098_8_11
Haemophilus_14694,97.101,Haemophilus sputorum 20925_1_15
Haemophilus_14695,97.101,Haemophilus n.sp. 27098_8_127
Haemophilus_14695,97.101,Haemophilus parainfluenzae 27098_8_33
Haemophilus_14695,96.618,Haemophilus_paraphrohaemolyticus_27098_8_11
Haemophilus_14695,96.618,Haemophilus sputorum 20925_1_15
Haemophilus_14711,,no_isolate
Haemophilus_14716,96.135,Haemophilus n.sp. 27098_8_127
Haemophilus_14716,96.135,Haemophilus parainfluenzae 27098_8_33
Haemophilus_14716,96.618,Haemophilus_paraphrohaemolyticus_27098_8_11
Haemophilus_14716,96.618,Haemophilus sputorum 20925_1_15
Pasteurellaceae_14718,95.652,Haemophilus n.sp. 27098_8_127
Pasteurellaceae_14718,95.652,Haemophilus parainfluenzae 27098_8_33
Pasteurellaceae_14718,96.135,Haemophilus_paraphrohaemolyticus_27098_8_11
Pasteurellaceae_14718,96.135,Haemophilus sputorum 20925_1_15
Pasteurellaceae_14720,95.652,Haemophilus n.sp. 27098_8_127
Pasteurellaceae_14720,95.652,Haemophilus parainfluenzae 27098_8_33
Pasteurellaceae_14720,95.169,Haemophilus_paraphrohaemolyticus_27098_8_11
Pasteurellaceae_14720,95.169,Haemophilus sputorum 20925_1_15
Pasteurellaceae_14721,95.652,Haemophilus n.sp. 27098_8_127
Pasteurellaceae_14721,95.652,Haemophilus parainfluenzae 27098_8_33
Pasteurellaceae_14721,95.169,Haemophilus_paraphrohaemolyticus_27098_8_11
Pasteurellaceae_14721,95.169,Haemophilus sputorum 20925_1_15
Pasteurellaceae_14722,95.169,Haemophilus n.sp. 27098_8_127
Pasteurellaceae_14722,95.169,Haemophilus parainfluenzae 27098_8_33
Pasteurellaceae_14725,95.652,Haemophilus n.sp. 27098_8_127
Pasteurellaceae_14725,95.652,Haemophilus parainfluenzae 27098_8_33
Pasteurellaceae_14725,95.169,Haemophilus_paraphrohaemolyticus_27098_8_11
Pasteurellaceae_14725,95.169,Haemophilus sputorum 20925_1_15
Pasteurellaceae_14726,96.135,Haemophilus n.sp. 27098_8_127
Pasteurellaceae_14726,96.135,Haemophilus parainfluenzae 27098_8_33
Pasteurellaceae_14726,95.652,Haemophilus_paraphrohaemolyticus_27098_8_11
Pasteurellaceae_14726,95.652,Haemophilus sputorum 20925_1_15
Rodentibacter_14728,95.652,Haemophilus n.sp. 27098_8_127
Rodentibacter_14728,95.652,Haemophilus parainfluenzae 27098_8_33
Rodentibacter_14728,95.169,Haemophilus_paraphrohaemolyticus_27098_8_11
Rodentibacter_14728,95.169,Haemophilus sputorum 20925_1_15
Rodentibacter_14729,96.135,Haemophilus n.sp. 27098_8_127
Rodentibacter_14729,96.135,Haemophilus parainfluenzae 27098_8_33
Rodentibacter_14729,95.652,Haemophilus_paraphrohaemolyticus_27098_8_11
Rodentibacter_14729,95.652,Haemophilus sputorum 20925_1_15
Rodentibacter_14730,96.135,Haemophilus n.sp. 27098_8_127
Rodentibacter_14730,96.135,Haemophilus parainfluenzae 27098_8_33
Rodentibacter_14730,95.652,Haemophilus_paraphrohaemolyticus_27098_8_11
Rodentibacter_14730,95.652,Haemophilus sputorum 20925_1_15
Aggregatibacter_14735,97.585,Haemophilus n.sp. 27098_8_127
Aggregatibacter_14735,97.585,Haemophilus parainfluenzae 27098_8_33
Aggregatibacter_14735,97.101,Haemophilus_paraphrohaemolyticus_27098_8_11
Aggregatibacter_14735,97.101,Haemophilus sputorum 20925_1_15
Aggregatibacter_14737,97.101,Haemophilus n.sp. 27098_8_127
Aggregatibacter_14737,97.101,Haemophilus parainfluenzae 27098_8_33
Aggregatibacter_14737,96.618,Haemophilus_paraphrohaemolyticus_27098_8_11
Aggregatibacter_14737,96.618,Haemophilus sputorum 20925_1_15
Aggregatibacter_14738,98.068,Haemophilus n.sp. 27098_8_127
Aggregatibacter_14738,98.068,Haemophilus parainfluenzae 27098_8_33
Aggregatibacter_14738,97.585,Haemophilus_paraphrohaemolyticus_27098_8_11
Aggregatibacter_14738,97.585,Haemophilus sputorum 20925_1_15
Aggregatibacter_14741,96.618,Haemophilus n.sp. 27098_8_127
Aggregatibacter_14741,96.618,Haemophilus parainfluenzae 27098_8_33
Aggregatibacter_14741,96.135,Haemophilus_paraphrohaemolyticus_27098_8_11
Aggregatibacter_14741,96.135,Haemophilus sputorum 20925_1_15
Aggregatibacter_14748,96.618,Haemophilus n.sp. 27098_8_127
Aggregatibacter_14748,96.618,Haemophilus parainfluenzae 27098_8_33
Aggregatibacter_14748,96.135,Haemophilus_paraphrohaemolyticus_27098_8_11
Aggregatibacter_14748,96.135,Haemophilus sputorum 20925_1_15
Aggregatibacter_14753,97.101,Haemophilus n.sp. 27098_8_127
Aggregatibacter_14753,97.101,Haemophilus parainfluenzae 27098_8_33
Aggregatibacter_14753,96.618,Haemophilus_paraphrohaemolyticus_27098_8_11
Aggregatibacter_14753,96.618,Haemophilus sputorum 20925_1_15
Aggregatibacter_14754,96.618,Haemophilus n.sp. 27098_8_127
Aggregatibacter_14754,96.618,Haemophilus parainfluenzae 27098_8_33
Aggregatibacter_14754,96.135,Haemophilus_paraphrohaemolyticus_27098_8_11
Aggregatibacter_14754,96.135,Haemophilus sputorum 20925_1_15
Haemophilus_14757,96.618,Haemophilus n.sp. 27098_8_127
Haemophilus_14757,96.618,Haemophilus parainfluenzae 27098_8_33
Haemophilus_14757,96.135,Haemophilus_paraphrohaemolyticus_27098_8_11
Haemophilus_14757,96.135,Haemophilus sputorum 20925_1_15
Haemophilus_14780,96.135,Haemophilus n.sp. 27098_8_127
Haemophilus_14780,96.135,Haemophilus parainfluenzae 27098_8_33
Haemophilus_14780,95.652,Haemophilus_paraphrohaemolyticus_27098_8_11
Haemophilus_14780,95.652,Haemophilus sputorum 20925_1_15
Haemophilus_14781,97.101,Haemophilus n.sp. 27098_8_127
Haemophilus_14781,97.101,Haemophilus parainfluenzae 27098_8_33
Haemophilus_14781,96.618,Haemophilus_paraphrohaemolyticus_27098_8_11
Haemophilus_14781,96.618,Haemophilus sputorum 20925_1_15
Haemophilus_14801,96.618,Haemophilus n.sp. 27098_8_127
Haemophilus_14801,96.618,Haemophilus parainfluenzae 27098_8_33
Haemophilus_14801,96.135,Haemophilus_paraphrohaemolyticus_27098_8_11
Haemophilus_14801,96.135,Haemophilus sputorum 20925_1_15
Haemophilus_14974,99.034,Haemophilus n.sp. 27098_8_127
Haemophilus_14974,99.034,Haemophilus parainfluenzae 27098_8_33
Haemophilus_14974,98.551,Haemophilus_paraphrohaemolyticus_27098_8_11
Haemophilus_14974,98.551,Haemophilus sputorum 20925_1_15
Haemophilus_14976,99.034,Haemophilus n.sp. 27098_8_127
Haemophilus_14976,99.034,Haemophilus parainfluenzae 27098_8_33
Haemophilus_14976,98.551,Haemophilus_paraphrohaemolyticus_27098_8_11
Haemophilus_14976,98.551,Haemophilus sputorum 20925_1_15
Haemophilus_14978,99.034,Haemophilus n.sp. 27098_8_127
Haemophilus_14978,99.034,Haemophilus parainfluenzae 27098_8_33
Haemophilus_14978,98.551,Haemophilus_paraphrohaemolyticus_27098_8_11
Haemophilus_14978,98.551,Haemophilus sputorum 20925_1_15
Haemophilus_14980,98.068,Haemophilus n.sp. 27098_8_127
Haemophilus_14980,98.068,Haemophilus parainfluenzae 27098_8_33
Haemophilus_14980,97.585,Haemophilus_paraphrohaemolyticus_27098_8_11
Haemophilus_14980,97.585,Haemophilus sputorum 20925_1_15
Haemophilus_15003,98.551,Haemophilus n.sp. 27098_8_127
Haemophilus_15003,98.551,Haemophilus parainfluenzae 27098_8_33
Haemophilus_15003,98.068,Haemophilus_paraphrohaemolyticus_27098_8_11
Haemophilus_15003,98.068,Haemophilus sputorum 20925_1_15
Actinobacillus_15201,98.068,Haemophilus n.sp. 27098_8_127
Actinobacillus_15201,98.068,Haemophilus parainfluenzae 27098_8_33
Actinobacillus_15201,98.551,Haemophilus_paraphrohaemolyticus_27098_8_11
Actinobacillus_15201,98.551,Haemophilus sputorum 20925_1_15
Actinobacillus_15207,98.551,Haemophilus n.sp. 27098_8_127
Actinobacillus_15207,98.551,Haemophilus parainfluenzae 27098_8_33
Actinobacillus_15207,99.034,Haemophilus_paraphrohaemolyticus_27098_8_11
Actinobacillus_15207,99.034,Haemophilus sputorum 20925_1_15
Haemophilus_15315,98.551,Haemophilus n.sp. 27098_8_127
Haemophilus_15315,98.551,Haemophilus parainfluenzae 27098_8_33
Haemophilus_15315,98.068,Haemophilus_paraphrohaemolyticus_27098_8_11
Haemophilus_15315,98.068,Haemophilus sputorum 20925_1_15
Haemophilus_15359,98.068,Haemophilus n.sp. 27098_8_127
Haemophilus_15359,98.068,Haemophilus parainfluenzae 27098_8_33
Haemophilus_15359,97.585,Haemophilus_paraphrohaemolyticus_27098_8_11
Haemophilus_15359,97.585,Haemophilus sputorum 20925_1_15
Pasteurellaceae_15384,99.034,Haemophilus n.sp. 27098_8_127
Pasteurellaceae_15384,99.034,Haemophilus parainfluenzae 27098_8_33
Pasteurellaceae_15384,99.517,Haemophilus_paraphrohaemolyticus_27098_8_11
Pasteurellaceae_15384,99.517,Haemophilus sputorum 20925_1_15
Haemophilus_15385,99.517,Haemophilus n.sp. 27098_8_127
Haemophilus_15385,99.517,Haemophilus parainfluenzae 27098_8_33
Haemophilus_15385,100,Haemophilus_paraphrohaemolyticus_27098_8_11
Haemophilus_15385,100,Haemophilus sputorum 20925_1_15
Haemophilus_15409,99.034,Haemophilus n.sp. 27098_8_127
Haemophilus_15409,99.034,Haemophilus parainfluenzae 27098_8_33
Haemophilus_15409,98.551,Haemophilus_paraphrohaemolyticus_27098_8_11
Haemophilus_15409,98.551,Haemophilus sputorum 20925_1_15
Haemophilus_15507,99.517,Haemophilus n.sp. 27098_8_127
Haemophilus_15507,99.517,Haemophilus parainfluenzae 27098_8_33
Haemophilus_15507,99.034,Haemophilus_paraphrohaemolyticus_27098_8_11
Haemophilus_15507,99.034,Haemophilus sputorum 20925_1_15
Haemophilus_15508,99.517,Haemophilus n.sp. 27098_8_127
Haemophilus_15508,99.517,Haemophilus parainfluenzae 27098_8_33
Haemophilus_15508,99.034,Haemophilus_paraphrohaemolyticus_27098_8_11
Haemophilus_15508,99.034,Haemophilus sputorum 20925_1_15
Haemophilus_15509,99.517,Haemophilus n.sp. 27098_8_127
Haemophilus_15509,99.517,Haemophilus parainfluenzae 27098_8_33
Haemophilus_15509,99.034,Haemophilus_paraphrohaemolyticus_27098_8_11
Haemophilus_15509,99.034,Haemophilus sputorum 20925_1_15
Haemophilus_15510,99.517,Haemophilus n.sp. 27098_8_127
Haemophilus_15510,99.517,Haemophilus parainfluenzae 27098_8_33
Haemophilus_15510,99.034,Haemophilus_paraphrohaemolyticus_27098_8_11
Haemophilus_15510,99.034,Haemophilus sputorum 20925_1_15
Haemophilus_15511,99.517,Haemophilus n.sp. 27098_8_127
Haemophilus_15511,99.517,Haemophilus parainfluenzae 27098_8_33
Haemophilus_15511,99.034,Haemophilus_paraphrohaemolyticus_27098_8_11
Haemophilus_15511,99.034,Haemophilus sputorum 20925_1_15
Haemophilus_15512,99.517,Haemophilus n.sp. 27098_8_127
Haemophilus_15512,99.517,Haemophilus parainfluenzae 27098_8_33
Haemophilus_15512,99.034,Haemophilus_paraphrohaemolyticus_27098_8_11
Haemophilus_15512,99.034,Haemophilus sputorum 20925_1_15
Haemophilus_15513,99.517,Haemophilus n.sp. 27098_8_127
Haemophilus_15513,99.517,Haemophilus parainfluenzae 27098_8_33
Haemophilus_15513,99.034,Haemophilus_paraphrohaemolyticus_27098_8_11
Haemophilus_15513,99.034,Haemophilus sputorum 20925_1_15
Haemophilus_15515,99.517,Haemophilus n.sp. 27098_8_127
Haemophilus_15515,99.517,Haemophilus parainfluenzae 27098_8_33
Haemophilus_15515,99.034,Haemophilus_paraphrohaemolyticus_27098_8_11
Haemophilus_15515,99.034,Haemophilus sputorum 20925_1_15
Haemophilus_15516,99.517,Haemophilus n.sp. 27098_8_127
Haemophilus_15516,99.517,Haemophilus parainfluenzae 27098_8_33
Haemophilus_15516,99.034,Haemophilus_paraphrohaemolyticus_27098_8_11
Haemophilus_15516,99.034,Haemophilus sputorum 20925_1_15
Haemophilus_15523,99.517,Haemophilus n.sp. 27098_8_127
Haemophilus_15523,99.517,Haemophilus parainfluenzae 27098_8_33
Haemophilus_15523,99.034,Haemophilus_paraphrohaemolyticus_27098_8_11
Haemophilus_15523,99.034,Haemophilus sputorum 20925_1_15
Haemophilus_15524,99.517,Haemophilus n.sp. 27098_8_127
Haemophilus_15524,99.517,Haemophilus parainfluenzae 27098_8_33
Haemophilus_15524,99.034,Haemophilus_paraphrohaemolyticus_27098_8_11
Haemophilus_15524,99.034,Haemophilus sputorum 20925_1_15
Haemophilus_15525,100,Haemophilus n.sp. 27098_8_127
Haemophilus_15525,100,Haemophilus parainfluenzae 27098_8_33
Haemophilus_15525,99.517,Haemophilus_paraphrohaemolyticus_27098_8_11
Haemophilus_15525,99.517,Haemophilus sputorum 20925_1_15
Haemophilus_15528,,no_isolate
Haemophilus_15532,98.068,Haemophilus n.sp. 27098_8_127
Haemophilus_15532,98.068,Haemophilus parainfluenzae 27098_8_33
Haemophilus_15532,97.585,Haemophilus_paraphrohaemolyticus_27098_8_11
Haemophilus_15532,97.585,Haemophilus sputorum 20925_1_15
Haemophilus_15533,,no_isolate
Haemophilus_15538,99.034,Haemophilus n.sp. 27098_8_127
Haemophilus_15538,99.034,Haemophilus parainfluenzae 27098_8_33
Haemophilus_15538,98.551,Haemophilus_paraphrohaemolyticus_27098_8_11
Haemophilus_15538,98.551,Haemophilus sputorum 20925_1_15
Haemophilus_15540,99.517,Haemophilus n.sp. 27098_8_127
Haemophilus_15540,99.517,Haemophilus parainfluenzae 27098_8_33
Haemophilus_15540,99.034,Haemophilus_paraphrohaemolyticus_27098_8_11
Haemophilus_15540,99.034,Haemophilus sputorum 20925_1_15
Haemophilus_15541,99.034,Haemophilus n.sp. 27098_8_127
Haemophilus_15541,99.034,Haemophilus parainfluenzae 27098_8_33
Haemophilus_15541,98.551,Haemophilus_paraphrohaemolyticus_27098_8_11
Haemophilus_15541,98.551,Haemophilus sputorum 20925_1_15
Haemophilus_15545,99.517,Haemophilus n.sp. 27098_8_127
Haemophilus_15545,99.517,Haemophilus parainfluenzae 27098_8_33
Haemophilus_15545,99.034,Haemophilus_paraphrohaemolyticus_27098_8_11
Haemophilus_15545,99.034,Haemophilus sputorum 20925_1_15
Haemophilus_15546,99.034,Haemophilus n.sp. 27098_8_127
Haemophilus_15546,99.034,Haemophilus parainfluenzae 27098_8_33
Haemophilus_15546,98.551,Haemophilus_paraphrohaemolyticus_27098_8_11
Haemophilus_15546,98.551,Haemophilus sputorum 20925_1_15
Haemophilus_15550,99.517,Haemophilus n.sp. 27098_8_127
Haemophilus_15550,99.517,Haemophilus parainfluenzae 27098_8_33
Haemophilus_15550,99.034,Haemophilus_paraphrohaemolyticus_27098_8_11
Haemophilus_15550,99.034,Haemophilus sputorum 20925_1_15
Haemophilus_15551,99.517,Haemophilus n.sp. 27098_8_127
Haemophilus_15551,99.517,Haemophilus parainfluenzae 27098_8_33
Haemophilus_15551,99.034,Haemophilus_paraphrohaemolyticus_27098_8_11
Haemophilus_15551,99.034,Haemophilus sputorum 20925_1_15
Haemophilus_15552,99.517,Haemophilus n.sp. 27098_8_127
Haemophilus_15552,99.517,Haemophilus parainfluenzae 27098_8_33
Haemophilus_15552,99.034,Haemophilus_paraphrohaemolyticus_27098_8_11
Haemophilus_15552,99.034,Haemophilus sputorum 20925_1_15
Haemophilus_15553,99.517,Haemophilus n.sp. 27098_8_127
Haemophilus_15553,99.517,Haemophilus parainfluenzae 27098_8_33
Haemophilus_15553,99.034,Haemophilus_paraphrohaemolyticus_27098_8_11
Haemophilus_15553,99.034,Haemophilus sputorum 20925_1_15
Haemophilus_15554,99.517,Haemophilus n.sp. 27098_8_127
Haemophilus_15554,99.517,Haemophilus parainfluenzae 27098_8_33
Haemophilus_15554,99.034,Haemophilus_paraphrohaemolyticus_27098_8_11
Haemophilus_15554,99.034,Haemophilus sputorum 20925_1_15
Haemophilus_15557,99.517,Haemophilus n.sp. 27098_8_127
Haemophilus_15557,99.517,Haemophilus parainfluenzae 27098_8_33
Haemophilus_15557,99.034,Haemophilus_paraphrohaemolyticus_27098_8_11
Haemophilus_15557,99.034,Haemophilus sputorum 20925_1_15
Haemophilus_15558,99.517,Haemophilus n.sp. 27098_8_127
Haemophilus_15558,99.517,Haemophilus parainfluenzae 27098_8_33
Haemophilus_15558,99.034,Haemophilus_paraphrohaemolyticus_27098_8_11
Haemophilus_15558,99.034,Haemophilus sputorum 20925_1_15
Haemophilus_15635,,no_isolate
Aggregatibacter_15644,98.551,Haemophilus n.sp. 27098_8_127
Aggregatibacter_15644,98.551,Haemophilus parainfluenzae 27098_8_33
Aggregatibacter_15644,98.068,Haemophilus_paraphrohaemolyticus_27098_8_11
Aggregatibacter_15644,98.068,Haemophilus sputorum 20925_1_15
Haemophilus_15645,97.585,Haemophilus n.sp. 27098_8_127
Haemophilus_15645,97.585,Haemophilus parainfluenzae 27098_8_33
Haemophilus_15645,97.101,Haemophilus_paraphrohaemolyticus_27098_8_11
Haemophilus_15645,97.101,Haemophilus sputorum 20925_1_15
Haemophilus_15646,98.551,Haemophilus n.sp. 27098_8_127
Haemophilus_15646,98.551,Haemophilus parainfluenzae 27098_8_33
Haemophilus_15646,98.068,Haemophilus_paraphrohaemolyticus_27098_8_11
Haemophilus_15646,98.068,Haemophilus sputorum 20925_1_15
Rheinheimera_15662,,no_isolate
Rheinheimera_15663,,no_isolate
Escherichia-Shigella_15677,,no_isolate
Escherichia-Shigella_15695,,no_isolate
Escherichia-Shigella_15696,,no_isolate
Escherichia-Shigella_15697,,no_isolate
Escherichia-Shigella_15746,,no_isolate
Escherichia-Shigella_15754,,no_isolate
Escherichia-Shigella_15756,,no_isolate
Escherichia-Shigella_15760,,no_isolate
Escherichia-Shigella_15764,,no_isolate
Escherichia-Shigella_15776,,no_isolate
Escherichia-Shigella_15778,,no_isolate
Escherichia-Shigella_15780,,no_isolate
Escherichia-Shigella_15782,,no_isolate
Escherichia-Shigella_15785,,no_isolate
Escherichia-Shigella_15789,,no_isolate
Escherichia-Shigella_15792,,no_isolate
Escherichia-Shigella_15804,,no_isolate
Escherichia-Shigella_15805,,no_isolate
Escherichia-Shigella_15811,,no_isolate
Escherichia-Shigella_15813,,no_isolate
Escherichia-Shigella_15815,,no_isolate
Escherichia-Shigella_15816,,no_isolate
Escherichia-Shigella_15819,,no_isolate
Escherichia-Shigella_15821,,no_isolate
Escherichia-Shigella_15822,,no_isolate
Escherichia-Shigella_15834,,no_isolate
Enterobacteriaceae_15836,,no_isolate
Escherichia-Shigella_15845,,no_isolate
Escherichia-Shigella_15850,,no_isolate
Enterococcus_15920,,no_isolate
Enterococcus_15951,95.169,Granulicatella adiacens 20925_1_19
Enterococcus_15951,95.169,Granulicatella n.sp. 20925_1_28
Enterococcus_15951,95.169,Granulicatella n.sp. 20925_1_45
Granulicatella_16068,,no_isolate
Gemella_16098,95.652,Gemella n.sp. 27098_8_149
Gemella_16098,95.652,Gemella n.sp. 27098_8_155
Gemella_16098,95.652,Gemella n.sp. 27098_8_92
Gemella_16098,95.652,Gemella sanguinis_ 20925_1_41
Gemella_16098,95.652,Gemella sanguinis 20925_1_65
Gemella_16098,95.652,Gemella sanguinis 20925_1_66
Gemella_16098,95.652,Gemella sanguinis 27098_8_105
Gemella_16098,95.652,Gemella sanguinis 27098_8_106
Enterococcus_16130,98.068,Granulicatella adiacens 20925_1_19
Enterococcus_16130,98.068,Granulicatella n.sp. 20925_1_28
Enterococcus_16130,98.068,Granulicatella n.sp. 20925_1_45
Enterococcus_16131,97.101,Granulicatella adiacens 20925_1_19
Enterococcus_16131,97.101,Granulicatella n.sp. 20925_1_28
Enterococcus_16131,97.101,Granulicatella n.sp. 20925_1_45
Enterococcus_16133,96.618,Granulicatella adiacens 20925_1_19
Enterococcus_16133,96.618,Granulicatella n.sp. 20925_1_28
Enterococcus_16133,96.618,Granulicatella n.sp. 20925_1_45
Enterococcus_16135,97.101,Granulicatella adiacens 20925_1_19
Enterococcus_16135,97.101,Granulicatella n.sp. 20925_1_28
Enterococcus_16135,97.101,Granulicatella n.sp. 20925_1_45
Enterococcus_16136,97.101,Granulicatella adiacens 20925_1_19
Enterococcus_16136,97.101,Granulicatella n.sp. 20925_1_28
Enterococcus_16136,97.101,Granulicatella n.sp. 20925_1_45
Enterococcus_16140,97.101,Granulicatella adiacens 20925_1_19
Enterococcus_16140,97.101,Granulicatella n.sp. 20925_1_28
Enterococcus_16140,97.101,Granulicatella n.sp. 20925_1_45
Enterococcus_16142,97.101,Granulicatella adiacens 20925_1_19
Enterococcus_16142,97.101,Granulicatella n.sp. 20925_1_28
Enterococcus_16142,97.101,Granulicatella n.sp. 20925_1_45
Enterococcus_16148,97.101,Granulicatella adiacens 20925_1_19
Enterococcus_16148,97.101,Granulicatella n.sp. 20925_1_28
Enterococcus_16148,97.101,Granulicatella n.sp. 20925_1_45
Enterococcus_16154,97.101,Granulicatella adiacens 20925_1_19
Enterococcus_16154,97.101,Granulicatella n.sp. 20925_1_28
Enterococcus_16154,97.101,Granulicatella n.sp. 20925_1_45
Enterococcus_16163,97.101,Granulicatella adiacens 20925_1_19
Enterococcus_16163,97.101,Granulicatella n.sp. 20925_1_28
Enterococcus_16163,97.101,Granulicatella n.sp. 20925_1_45
Enterococcus_16166,97.101,Granulicatella adiacens 20925_1_19
Enterococcus_16166,97.101,Granulicatella n.sp. 20925_1_28
Enterococcus_16166,97.101,Granulicatella n.sp. 20925_1_45
Dolosigranulum_16177,,no_isolate
Dolosigranulum_16178,,no_isolate
Enterococcus_16187,,no_isolate
Abiotrophia_16193,,no_isolate
Granulicatella_16221,96.618,Granulicatella adiacens 20925_1_19
Granulicatella_16221,96.618,Granulicatella n.sp. 20925_1_28
Granulicatella_16221,96.618,Granulicatella n.sp. 20925_1_45
Virgibacillus_16251,,no_isolate
Carnobacteriaceae_16273,99.034,Granulicatella adiacens 20925_1_19
Carnobacteriaceae_16273,99.034,Granulicatella n.sp. 20925_1_28
Carnobacteriaceae_16273,99.034,Granulicatella n.sp. 20925_1_45
Carnobacterium_16274,97.101,Granulicatella adiacens 20925_1_19
Carnobacterium_16274,97.101,Granulicatella n.sp. 20925_1_28
Carnobacterium_16274,97.101,Granulicatella n.sp. 20925_1_45
Granulicatella_16504,95.169,Granulicatella adiacens 20925_1_19
Granulicatella_16504,95.169,Granulicatella n.sp. 20925_1_28
Granulicatella_16504,95.169,Granulicatella n.sp. 20925_1_45
Granulicatella_16509,99.034,Granulicatella adiacens 20925_1_19
Granulicatella_16509,99.034,Granulicatella n.sp. 20925_1_28
Granulicatella_16509,99.034,Granulicatella n.sp. 20925_1_45
Granulicatella_16808,100,Granulicatella adiacens 20925_1_19
Granulicatella_16808,100,Granulicatella n.sp. 20925_1_28
Granulicatella_16808,100,Granulicatella n.sp. 20925_1_45
Enterococcus_16810,98.551,Granulicatella adiacens 20925_1_19
Enterococcus_16810,98.551,Granulicatella n.sp. 20925_1_28
Enterococcus_16810,98.551,Granulicatella n.sp. 20925_1_45
Granulicatella_16822,99.517,Granulicatella adiacens 20925_1_19
Granulicatella_16822,99.517,Granulicatella n.sp. 20925_1_28
Granulicatella_16822,99.517,Granulicatella n.sp. 20925_1_45
Granulicatella_16844,99.517,Granulicatella adiacens 20925_1_19
Granulicatella_16844,99.517,Granulicatella n.sp. 20925_1_28
Granulicatella_16844,99.517,Granulicatella n.sp. 20925_1_45
Granulicatella_16845,99.517,Granulicatella adiacens 20925_1_19
Granulicatella_16845,99.517,Granulicatella n.sp. 20925_1_28
Granulicatella_16845,99.517,Granulicatella n.sp. 20925_1_45
Granulicatella_16852,99.517,Granulicatella adiacens 20925_1_19
Granulicatella_16852,99.517,Granulicatella n.sp. 20925_1_28
Granulicatella_16852,99.517,Granulicatella n.sp. 20925_1_45
Granulicatella_16860,99.517,Granulicatella adiacens 20925_1_19
Granulicatella_16860,99.517,Granulicatella n.sp. 20925_1_28
Granulicatella_16860,99.517,Granulicatella n.sp. 20925_1_45
Granulicatella_16861,99.517,Granulicatella adiacens 20925_1_19
Granulicatella_16861,99.517,Granulicatella n.sp. 20925_1_28
Granulicatella_16861,99.517,Granulicatella n.sp. 20925_1_45
Granulicatella_16862,99.517,Granulicatella adiacens 20925_1_19
Granulicatella_16862,99.517,Granulicatella n.sp. 20925_1_28
Granulicatella_16862,99.517,Granulicatella n.sp. 20925_1_45
Granulicatella_16899,98.551,Granulicatella adiacens 20925_1_19
Granulicatella_16899,98.551,Granulicatella n.sp. 20925_1_28
Granulicatella_16899,98.551,Granulicatella n.sp. 20925_1_45
Granulicatella_16901,99.034,Granulicatella adiacens 20925_1_19
Granulicatella_16901,99.034,Granulicatella n.sp. 20925_1_28
Granulicatella_16901,99.034,Granulicatella n.sp. 20925_1_45
Granulicatella_16904,99.034,Granulicatella adiacens 20925_1_19
Granulicatella_16904,99.034,Granulicatella n.sp. 20925_1_28
Granulicatella_16904,99.034,Granulicatella n.sp. 20925_1_45
Enterococcaceae_16905,99.034,Granulicatella adiacens 20925_1_19
Enterococcaceae_16905,99.034,Granulicatella n.sp. 20925_1_28
Enterococcaceae_16905,99.034,Granulicatella n.sp. 20925_1_45
Granulicatella_16949,96.135,Granulicatella adiacens 20925_1_19
Granulicatella_16949,96.135,Granulicatella n.sp. 20925_1_28
Granulicatella_16949,96.135,Granulicatella n.sp. 20925_1_45
Bacillus_16976,96.618,Niallia circulans 27098_8_36
Bacillus_16981,,no_isolate
Bacillus_16987,100,Niallia circulans 27098_8_36
Exiguobacterium_16991,95.652,Niallia circulans 27098_8_36
Exiguobacterium_16992,,no_isolate
Bacillus_17041,,no_isolate
Bacillus_17062,96.618,Niallia circulans 27098_8_36
Anoxybacillus_17072,97.101,Niallia circulans 27098_8_36
Gemella_17094,,no_isolate
Gemella_17120,,no_isolate
Staphylococcus_17237,99.517,Staphylococcus aureus 27098_8_159
Staphylococcus_17237,99.517,Staphylococcus capitis 27098_8_44
Staphylococcus_17237,99.517,Staphylococcus epidermidis 20925_1_31
Staphylococcus_17237,99.517,Staphylococcus epidermidis 20925_1_59
Staphylococcus_17242,99.034,Staphylococcus aureus 27098_8_159
Staphylococcus_17242,99.034,Staphylococcus capitis 27098_8_44
Staphylococcus_17242,99.034,Staphylococcus epidermidis 20925_1_31
Staphylococcus_17242,99.034,Staphylococcus epidermidis 20925_1_59
Staphylococcus_17243,99.517,Staphylococcus aureus 27098_8_159
Staphylococcus_17243,99.517,Staphylococcus capitis 27098_8_44
Staphylococcus_17243,99.517,Staphylococcus epidermidis 20925_1_31
Staphylococcus_17243,99.517,Staphylococcus epidermidis 20925_1_59
Staphylococcus_17250,99.034,Staphylococcus aureus 27098_8_159
Staphylococcus_17250,99.034,Staphylococcus capitis 27098_8_44
Staphylococcus_17250,99.034,Staphylococcus epidermidis 20925_1_31
Staphylococcus_17250,99.034,Staphylococcus epidermidis 20925_1_59
Staphylococcus_17257,99.034,Staphylococcus aureus 27098_8_159
Staphylococcus_17257,99.034,Staphylococcus capitis 27098_8_44
Staphylococcus_17257,99.034,Staphylococcus epidermidis 20925_1_31
Staphylococcus_17257,99.034,Staphylococcus epidermidis 20925_1_59
Staphylococcus_17262,98.551,Staphylococcus aureus 27098_8_159
Staphylococcus_17262,98.551,Staphylococcus capitis 27098_8_44
Staphylococcus_17262,98.551,Staphylococcus epidermidis 20925_1_31
Staphylococcus_17262,98.551,Staphylococcus epidermidis 20925_1_59
Staphylococcus_17267,98.551,Staphylococcus aureus 27098_8_159
Staphylococcus_17267,98.551,Staphylococcus capitis 27098_8_44
Staphylococcus_17267,98.551,Staphylococcus epidermidis 20925_1_31
Staphylococcus_17267,98.551,Staphylococcus epidermidis 20925_1_59
Staphylococcus_17270,,no_isolate
Staphylococcus_17275,,no_isolate
Staphylococcus_17276,99.517,Staphylococcus aureus 27098_8_159
Staphylococcus_17276,99.517,Staphylococcus capitis 27098_8_44
Staphylococcus_17276,99.517,Staphylococcus epidermidis 20925_1_31
Staphylococcus_17276,99.517,Staphylococcus epidermidis 20925_1_59
Staphylococcus_17277,99.517,Staphylococcus aureus 27098_8_159
Staphylococcus_17277,99.517,Staphylococcus capitis 27098_8_44
Staphylococcus_17277,99.517,Staphylococcus epidermidis 20925_1_31
Staphylococcus_17277,99.517,Staphylococcus epidermidis 20925_1_59
Staphylococcus_17279,99.517,Staphylococcus aureus 27098_8_159
Staphylococcus_17279,99.517,Staphylococcus capitis 27098_8_44
Staphylococcus_17279,99.517,Staphylococcus epidermidis 20925_1_31
Staphylococcus_17279,99.517,Staphylococcus epidermidis 20925_1_59
Staphylococcus_17283,99.517,Staphylococcus aureus 27098_8_159
Staphylococcus_17283,99.517,Staphylococcus capitis 27098_8_44
Staphylococcus_17283,99.517,Staphylococcus epidermidis 20925_1_31
Staphylococcus_17283,99.517,Staphylococcus epidermidis 20925_1_59
Staphylococcus_17285,98.551,Staphylococcus aureus 27098_8_159
Staphylococcus_17285,98.551,Staphylococcus capitis 27098_8_44
Staphylococcus_17285,98.551,Staphylococcus epidermidis 20925_1_31
Staphylococcus_17285,98.551,Staphylococcus epidermidis 20925_1_59
Staphylococcus_17286,98.068,Staphylococcus aureus 27098_8_159
Staphylococcus_17286,98.068,Staphylococcus capitis 27098_8_44
Staphylococcus_17286,98.068,Staphylococcus epidermidis 20925_1_31
Staphylococcus_17286,98.068,Staphylococcus epidermidis 20925_1_59
Staphylococcus_17287,99.034,Staphylococcus aureus 27098_8_159
Staphylococcus_17287,99.034,Staphylococcus capitis 27098_8_44
Staphylococcus_17287,99.034,Staphylococcus epidermidis 20925_1_31
Staphylococcus_17287,99.034,Staphylococcus epidermidis 20925_1_59
Staphylococcus_17289,99.517,Staphylococcus aureus 27098_8_159
Staphylococcus_17289,99.517,Staphylococcus capitis 27098_8_44
Staphylococcus_17289,99.517,Staphylococcus epidermidis 20925_1_31
Staphylococcus_17289,99.517,Staphylococcus epidermidis 20925_1_59
Staphylococcus_17292,99.517,Staphylococcus aureus 27098_8_159
Staphylococcus_17292,99.517,Staphylococcus capitis 27098_8_44
Staphylococcus_17292,99.517,Staphylococcus epidermidis 20925_1_31
Staphylococcus_17292,99.517,Staphylococcus epidermidis 20925_1_59
Staphylococcus_17294,99.517,Staphylococcus aureus 27098_8_159
Staphylococcus_17294,99.517,Staphylococcus capitis 27098_8_44
Staphylococcus_17294,99.517,Staphylococcus epidermidis 20925_1_31
Staphylococcus_17294,99.517,Staphylococcus epidermidis 20925_1_59
Staphylococcus_17296,99.517,Staphylococcus aureus 27098_8_159
Staphylococcus_17296,99.517,Staphylococcus capitis 27098_8_44
Staphylococcus_17296,99.517,Staphylococcus epidermidis 20925_1_31
Staphylococcus_17296,99.517,Staphylococcus epidermidis 20925_1_59
Staphylococcus_17297,99.517,Staphylococcus aureus 27098_8_159
Staphylococcus_17297,99.517,Staphylococcus capitis 27098_8_44
Staphylococcus_17297,99.517,Staphylococcus epidermidis 20925_1_31
Staphylococcus_17297,99.517,Staphylococcus epidermidis 20925_1_59
Staphylococcus_17298,99.517,Staphylococcus aureus 27098_8_159
Staphylococcus_17298,99.517,Staphylococcus capitis 27098_8_44
Staphylococcus_17298,99.517,Staphylococcus epidermidis 20925_1_31
Staphylococcus_17298,99.517,Staphylococcus epidermidis 20925_1_59
Staphylococcus_17300,99.517,Staphylococcus aureus 27098_8_159
Staphylococcus_17300,99.517,Staphylococcus capitis 27098_8_44
Staphylococcus_17300,99.517,Staphylococcus epidermidis 20925_1_31
Staphylococcus_17300,99.517,Staphylococcus epidermidis 20925_1_59
Staphylococcus_17302,99.517,Staphylococcus aureus 27098_8_159
Staphylococcus_17302,99.517,Staphylococcus capitis 27098_8_44
Staphylococcus_17302,99.517,Staphylococcus epidermidis 20925_1_31
Staphylococcus_17302,99.517,Staphylococcus epidermidis 20925_1_59
Staphylococcus_17303,99.517,Staphylococcus aureus 27098_8_159
Staphylococcus_17303,99.517,Staphylococcus capitis 27098_8_44
Staphylococcus_17303,99.517,Staphylococcus epidermidis 20925_1_31
Staphylococcus_17303,99.517,Staphylococcus epidermidis 20925_1_59
Staphylococcus_17306,99.517,Staphylococcus aureus 27098_8_159
Staphylococcus_17306,99.517,Staphylococcus capitis 27098_8_44
Staphylococcus_17306,99.517,Staphylococcus epidermidis 20925_1_31
Staphylococcus_17306,99.517,Staphylococcus epidermidis 20925_1_59
Staphylococcus_17307,99.517,Staphylococcus aureus 27098_8_159
Staphylococcus_17307,99.517,Staphylococcus capitis 27098_8_44
Staphylococcus_17307,99.517,Staphylococcus epidermidis 20925_1_31
Staphylococcus_17307,99.517,Staphylococcus epidermidis 20925_1_59
Staphylococcus_17310,99.517,Staphylococcus aureus 27098_8_159
Staphylococcus_17310,99.517,Staphylococcus capitis 27098_8_44
Staphylococcus_17310,99.517,Staphylococcus epidermidis 20925_1_31
Staphylococcus_17310,99.517,Staphylococcus epidermidis 20925_1_59
Staphylococcus_17311,99.517,Staphylococcus aureus 27098_8_159
Staphylococcus_17311,99.517,Staphylococcus capitis 27098_8_44
Staphylococcus_17311,99.517,Staphylococcus epidermidis 20925_1_31
Staphylococcus_17311,99.517,Staphylococcus epidermidis 20925_1_59
Staphylococcus_17312,99.517,Staphylococcus aureus 27098_8_159
Staphylococcus_17312,99.517,Staphylococcus capitis 27098_8_44
Staphylococcus_17312,99.517,Staphylococcus epidermidis 20925_1_31
Staphylococcus_17312,99.517,Staphylococcus epidermidis 20925_1_59
Staphylococcus_17314,,no_isolate
Staphylococcus_17315,,no_isolate
Staphylococcus_17316,99.517,Staphylococcus aureus 27098_8_159
Staphylococcus_17316,99.517,Staphylococcus capitis 27098_8_44
Staphylococcus_17316,99.517,Staphylococcus epidermidis 20925_1_31
Staphylococcus_17316,99.517,Staphylococcus epidermidis 20925_1_59
Staphylococcus_17320,99.517,Staphylococcus aureus 27098_8_159
Staphylococcus_17320,99.517,Staphylococcus capitis 27098_8_44
Staphylococcus_17320,99.517,Staphylococcus epidermidis 20925_1_31
Staphylococcus_17320,99.517,Staphylococcus epidermidis 20925_1_59
Staphylococcus_17322,99.517,Staphylococcus aureus 27098_8_159
Staphylococcus_17322,99.517,Staphylococcus capitis 27098_8_44
Staphylococcus_17322,99.517,Staphylococcus epidermidis 20925_1_31
Staphylococcus_17322,99.517,Staphylococcus epidermidis 20925_1_59
Staphylococcus_17325,99.517,Staphylococcus aureus 27098_8_159
Staphylococcus_17325,99.517,Staphylococcus capitis 27098_8_44
Staphylococcus_17325,99.517,Staphylococcus epidermidis 20925_1_31
Staphylococcus_17325,99.517,Staphylococcus epidermidis 20925_1_59
Staphylococcus_17326,99.517,Staphylococcus aureus 27098_8_159
Staphylococcus_17326,99.517,Staphylococcus capitis 27098_8_44
Staphylococcus_17326,99.517,Staphylococcus epidermidis 20925_1_31
Staphylococcus_17326,99.517,Staphylococcus epidermidis 20925_1_59
Staphylococcus_17327,99.517,Staphylococcus aureus 27098_8_159
Staphylococcus_17327,99.517,Staphylococcus capitis 27098_8_44
Staphylococcus_17327,99.517,Staphylococcus epidermidis 20925_1_31
Staphylococcus_17327,99.517,Staphylococcus epidermidis 20925_1_59
Staphylococcus_17329,99.517,Staphylococcus aureus 27098_8_159
Staphylococcus_17329,99.517,Staphylococcus capitis 27098_8_44
Staphylococcus_17329,99.517,Staphylococcus epidermidis 20925_1_31
Staphylococcus_17329,99.517,Staphylococcus epidermidis 20925_1_59
Staphylococcus_17330,99.517,Staphylococcus aureus 27098_8_159
Staphylococcus_17330,99.517,Staphylococcus capitis 27098_8_44
Staphylococcus_17330,99.517,Staphylococcus epidermidis 20925_1_31
Staphylococcus_17330,99.517,Staphylococcus epidermidis 20925_1_59
Staphylococcus_17333,99.517,Staphylococcus aureus 27098_8_159
Staphylococcus_17333,99.517,Staphylococcus capitis 27098_8_44
Staphylococcus_17333,99.517,Staphylococcus epidermidis 20925_1_31
Staphylococcus_17333,99.517,Staphylococcus epidermidis 20925_1_59
Staphylococcus_17334,99.517,Staphylococcus aureus 27098_8_159
Staphylococcus_17334,99.517,Staphylococcus capitis 27098_8_44
Staphylococcus_17334,99.517,Staphylococcus epidermidis 20925_1_31
Staphylococcus_17334,99.517,Staphylococcus epidermidis 20925_1_59
Staphylococcus_17337,99.517,Staphylococcus aureus 27098_8_159
Staphylococcus_17337,99.517,Staphylococcus capitis 27098_8_44
Staphylococcus_17337,99.517,Staphylococcus epidermidis 20925_1_31
Staphylococcus_17337,99.517,Staphylococcus epidermidis 20925_1_59
Staphylococcus_17338,99.519,Staphylococcus aureus 27098_8_159
Staphylococcus_17338,99.519,Staphylococcus capitis 27098_8_44
Staphylococcus_17338,99.519,Staphylococcus epidermidis 20925_1_31
Staphylococcus_17338,99.519,Staphylococcus epidermidis 20925_1_59
Staphylococcus_17339,99.517,Staphylococcus aureus 27098_8_159
Staphylococcus_17339,99.517,Staphylococcus capitis 27098_8_44
Staphylococcus_17339,99.517,Staphylococcus epidermidis 20925_1_31
Staphylococcus_17339,99.517,Staphylococcus epidermidis 20925_1_59
Staphylococcus_17340,99.517,Staphylococcus aureus 27098_8_159
Staphylococcus_17340,99.517,Staphylococcus capitis 27098_8_44
Staphylococcus_17340,99.517,Staphylococcus epidermidis 20925_1_31
Staphylococcus_17340,99.517,Staphylococcus epidermidis 20925_1_59
Staphylococcus_17341,99.517,Staphylococcus aureus 27098_8_159
Staphylococcus_17341,99.517,Staphylococcus capitis 27098_8_44
Staphylococcus_17341,99.517,Staphylococcus epidermidis 20925_1_31
Staphylococcus_17341,99.517,Staphylococcus epidermidis 20925_1_59
Staphylococcus_17343,99.517,Staphylococcus aureus 27098_8_159
Staphylococcus_17343,99.517,Staphylococcus capitis 27098_8_44
Staphylococcus_17343,99.517,Staphylococcus epidermidis 20925_1_31
Staphylococcus_17343,99.517,Staphylococcus epidermidis 20925_1_59
Staphylococcus_17344,99.517,Staphylococcus aureus 27098_8_159
Staphylococcus_17344,99.517,Staphylococcus capitis 27098_8_44
Staphylococcus_17344,99.517,Staphylococcus epidermidis 20925_1_31
Staphylococcus_17344,99.517,Staphylococcus epidermidis 20925_1_59
Staphylococcus_17345,99.517,Staphylococcus aureus 27098_8_159
Staphylococcus_17345,99.517,Staphylococcus capitis 27098_8_44
Staphylococcus_17345,99.517,Staphylococcus epidermidis 20925_1_31
Staphylococcus_17345,99.517,Staphylococcus epidermidis 20925_1_59
Staphylococcus_17346,99.517,Staphylococcus aureus 27098_8_159
Staphylococcus_17346,99.517,Staphylococcus capitis 27098_8_44
Staphylococcus_17346,99.517,Staphylococcus epidermidis 20925_1_31
Staphylococcus_17346,99.517,Staphylococcus epidermidis 20925_1_59
Staphylococcus_17348,99.517,Staphylococcus aureus 27098_8_159
Staphylococcus_17348,99.517,Staphylococcus capitis 27098_8_44
Staphylococcus_17348,99.517,Staphylococcus epidermidis 20925_1_31
Staphylococcus_17348,99.517,Staphylococcus epidermidis 20925_1_59
Staphylococcus_17351,,no_isolate
Staphylococcus_17354,99.517,Staphylococcus aureus 27098_8_159
Staphylococcus_17354,99.517,Staphylococcus capitis 27098_8_44
Staphylococcus_17354,99.517,Staphylococcus epidermidis 20925_1_31
Staphylococcus_17354,99.517,Staphylococcus epidermidis 20925_1_59
Staphylococcus_17359,99.517,Staphylococcus aureus 27098_8_159
Staphylococcus_17359,99.517,Staphylococcus capitis 27098_8_44
Staphylococcus_17359,99.517,Staphylococcus epidermidis 20925_1_31
Staphylococcus_17359,99.517,Staphylococcus epidermidis 20925_1_59
Staphylococcus_17360,99.517,Staphylococcus aureus 27098_8_159
Staphylococcus_17360,99.517,Staphylococcus capitis 27098_8_44
Staphylococcus_17360,99.517,Staphylococcus epidermidis 20925_1_31
Staphylococcus_17360,99.517,Staphylococcus epidermidis 20925_1_59
Staphylococcus_17361,99.034,Staphylococcus aureus 27098_8_159
Staphylococcus_17361,99.034,Staphylococcus capitis 27098_8_44
Staphylococcus_17361,99.034,Staphylococcus epidermidis 20925_1_31
Staphylococcus_17361,99.034,Staphylococcus epidermidis 20925_1_59
Staphylococcus_17362,99.517,Staphylococcus aureus 27098_8_159
Staphylococcus_17362,99.517,Staphylococcus capitis 27098_8_44
Staphylococcus_17362,99.517,Staphylococcus epidermidis 20925_1_31
Staphylococcus_17362,99.517,Staphylococcus epidermidis 20925_1_59
Staphylococcus_17365,99.517,Staphylococcus aureus 27098_8_159
Staphylococcus_17365,99.517,Staphylococcus capitis 27098_8_44
Staphylococcus_17365,99.517,Staphylococcus epidermidis 20925_1_31
Staphylococcus_17365,99.517,Staphylococcus epidermidis 20925_1_59
Staphylococcus_17372,99.517,Staphylococcus aureus 27098_8_159
Staphylococcus_17372,99.517,Staphylococcus capitis 27098_8_44
Staphylococcus_17372,99.517,Staphylococcus epidermidis 20925_1_31
Staphylococcus_17372,99.517,Staphylococcus epidermidis 20925_1_59
Staphylococcus_17374,99.517,Staphylococcus aureus 27098_8_159
Staphylococcus_17374,99.517,Staphylococcus capitis 27098_8_44
Staphylococcus_17374,99.517,Staphylococcus epidermidis 20925_1_31
Staphylococcus_17374,99.517,Staphylococcus epidermidis 20925_1_59
Staphylococcus_17376,99.517,Staphylococcus aureus 27098_8_159
Staphylococcus_17376,99.517,Staphylococcus capitis 27098_8_44
Staphylococcus_17376,99.517,Staphylococcus epidermidis 20925_1_31
Staphylococcus_17376,99.517,Staphylococcus epidermidis 20925_1_59
Staphylococcus_17377,99.517,Staphylococcus aureus 27098_8_159
Staphylococcus_17377,99.517,Staphylococcus capitis 27098_8_44
Staphylococcus_17377,99.517,Staphylococcus epidermidis 20925_1_31
Staphylococcus_17377,99.517,Staphylococcus epidermidis 20925_1_59
Staphylococcus_17378,99.517,Staphylococcus aureus 27098_8_159
Staphylococcus_17378,99.517,Staphylococcus capitis 27098_8_44
Staphylococcus_17378,99.517,Staphylococcus epidermidis 20925_1_31
Staphylococcus_17378,99.517,Staphylococcus epidermidis 20925_1_59
Staphylococcus_17379,99.517,Staphylococcus aureus 27098_8_159
Staphylococcus_17379,99.517,Staphylococcus capitis 27098_8_44
Staphylococcus_17379,99.517,Staphylococcus epidermidis 20925_1_31
Staphylococcus_17379,99.517,Staphylococcus epidermidis 20925_1_59
Staphylococcus_17380,99.517,Staphylococcus aureus 27098_8_159
Staphylococcus_17380,99.517,Staphylococcus capitis 27098_8_44
Staphylococcus_17380,99.517,Staphylococcus epidermidis 20925_1_31
Staphylococcus_17380,99.517,Staphylococcus epidermidis 20925_1_59
Staphylococcus_17381,99.517,Staphylococcus aureus 27098_8_159
Staphylococcus_17381,99.517,Staphylococcus capitis 27098_8_44
Staphylococcus_17381,99.517,Staphylococcus epidermidis 20925_1_31
Staphylococcus_17381,99.517,Staphylococcus epidermidis 20925_1_59
Staphylococcus_17383,99.517,Staphylococcus aureus 27098_8_159
Staphylococcus_17383,99.517,Staphylococcus capitis 27098_8_44
Staphylococcus_17383,99.517,Staphylococcus epidermidis 20925_1_31
Staphylococcus_17383,99.517,Staphylococcus epidermidis 20925_1_59
Staphylococcus_17384,99.517,Staphylococcus aureus 27098_8_159
Staphylococcus_17384,99.517,Staphylococcus capitis 27098_8_44
Staphylococcus_17384,99.517,Staphylococcus epidermidis 20925_1_31
Staphylococcus_17384,99.517,Staphylococcus epidermidis 20925_1_59
Staphylococcus_17392,99.034,Staphylococcus aureus 27098_8_159
Staphylococcus_17392,99.034,Staphylococcus capitis 27098_8_44
Staphylococcus_17392,99.034,Staphylococcus epidermidis 20925_1_31
Staphylococcus_17392,99.034,Staphylococcus epidermidis 20925_1_59
Staphylococcus_17393,99.517,Staphylococcus aureus 27098_8_159
Staphylococcus_17393,99.517,Staphylococcus capitis 27098_8_44
Staphylococcus_17393,99.517,Staphylococcus epidermidis 20925_1_31
Staphylococcus_17393,99.517,Staphylococcus epidermidis 20925_1_59
Staphylococcus_17394,99.034,Staphylococcus aureus 27098_8_159
Staphylococcus_17394,99.034,Staphylococcus capitis 27098_8_44
Staphylococcus_17394,99.034,Staphylococcus epidermidis 20925_1_31
Staphylococcus_17394,99.034,Staphylococcus epidermidis 20925_1_59
Enterococcus_17557,96.135,Granulicatella adiacens 20925_1_19
Enterococcus_17557,96.135,Granulicatella n.sp. 20925_1_28
Enterococcus_17557,96.135,Granulicatella n.sp. 20925_1_45
Enterococcus_17569,98.068,Granulicatella adiacens 20925_1_19
Enterococcus_17569,98.068,Granulicatella n.sp. 20925_1_28
Enterococcus_17569,98.068,Granulicatella n.sp. 20925_1_45
Granulicatella_17643,97.101,Granulicatella adiacens 20925_1_19
Granulicatella_17643,97.101,Granulicatella n.sp. 20925_1_28
Granulicatella_17643,97.101,Granulicatella n.sp. 20925_1_45
Granulicatella_17685,,no_isolate
Weissella_17772,,no_isolate
Lactobacillus_17862,,no_isolate
Lactobacillus_17864,,no_isolate
Lactobacillus_17866,,no_isolate
Lactobacillus_17871,,no_isolate
Lactobacillus_17872,,no_isolate
Lactobacillus_17891,,no_isolate
Lactobacillus_17899,,no_isolate
Lactobacillus_17905,,no_isolate
Lactobacillus_17913,,no_isolate
Lactobacillus_17914,,no_isolate
Lactobacillus_17930,,no_isolate
Lactobacillus_17936,,no_isolate
Lactobacillus_17937,,no_isolate
Lactobacillus_17945,,no_isolate
Lactobacillus_17960,,no_isolate
Lactobacillus_17965,,no_isolate
Lactobacillus_17967,,no_isolate
Lactobacillus_17970,,no_isolate
Lactobacillus_17997,,no_isolate
Lactobacillus_18000,,no_isolate
Lactobacillus_18001,,no_isolate
Lactobacillus_18005,,no_isolate
Lactobacillus_18006,,no_isolate
Lactobacillus_18014,,no_isolate
Lactobacillus_18018,,no_isolate
Lactobacillus_18019,,no_isolate
Lactobacillus_18021,,no_isolate
Streptococcus_18157,,no_isolate
Fusobacterium_18335,,no_isolate
Fusobacterium_18344,,no_isolate
Fusobacterium_18362,,no_isolate
Fusobacterium_18471,,no_isolate
Fusobacterium_18488,,no_isolate
Fusobacterium_18492,,no_isolate
Fusobacterium_18569,,no_isolate
Fusobacterium_18570,,no_isolate
Fusobacterium_18595,,no_isolate
Fusobacterium_18598,,no_isolate
Fusobacterium_18599,,no_isolate
Fusobacterium_18603,,no_isolate
Fusobacterium_18604,,no_isolate
Fusobacterium_18605,,no_isolate
Fusobacterium_18606,,no_isolate
Fusobacterium_18607,,no_isolate
Fusobacterium_18609,,no_isolate
Fusobacterium_18611,,no_isolate
Fusobacterium_18612,,no_isolate
Fusobacterium_18614,,no_isolate
Fusobacterium_18616,,no_isolate
Fusobacterium_18617,,no_isolate
Fusobacterium_18619,,no_isolate
Fusobacterium_18620,,no_isolate
Fusobacterium_18621,,no_isolate
Fusobacterium_18623,,no_isolate
Fusobacterium_18628,,no_isolate
Fusobacterium_18629,,no_isolate
Fusobacterium_18630,,no_isolate
Fusobacterium_18631,,no_isolate
Fusobacterium_18632,,no_isolate
Fusobacterium_18634,,no_isolate
Fusobacterium_18635,,no_isolate
Fusobacterium_18636,,no_isolate
Fusobacterium_18640,,no_isolate
Fusobacterium_18641,,no_isolate
Fusobacterium_18642,,no_isolate
Fusobacterium_18643,,no_isolate
Fusobacterium_18645,,no_isolate
Fusobacterium_18648,,no_isolate
Fusobacterium_18650,,no_isolate
Fusobacterium_18651,,no_isolate
Fusobacterium_18653,,no_isolate
Fusobacterium_18654,,no_isolate
Fusobacterium_18655,,no_isolate
Fusobacterium_18656,,no_isolate
Fusobacterium_18657,,no_isolate
Fusobacterium_18661,,no_isolate
Fusobacterium_18665,,no_isolate
Fusobacterium_18673,,no_isolate
Fusobacterium_18820,,no_isolate
Fusobacterium_18823,,no_isolate
Pseudoramibacter_19010,,no_isolate
Catonella_19021,,no_isolate
Catonella_19023,,no_isolate
Catonella_19028,,no_isolate
Catonella_19030,,no_isolate
Streptococcus_19209,96.117,Streptococcus chosunense 27098_8_53
Streptococcus_19209,96.117,Streptococcus n.sp. 27098_8_86
Streptococcus_19209,96.117,Streptococcus constellatus 20925_1_21
Streptococcus_19209,98.058,Streptococcus n.sp. 27098_8_113
Streptococcus_19209,98.058,Streptococcus n.sp. 27098_8_73
Streptococcus_19209,98.544,Streptococcus gordonii 27098_8_101
Streptococcus_19209,98.544,Streptococcus n.sp. 27098_8_75
Streptococcus_19209,96.117,Streptococcus n.sp. 20925_1_44
Streptococcus_19209,96.117,Streptococcus n.sp. 27098_8_22
Streptococcus_19209,96.117,Streptococcus n.sp. 27098_8_69
Streptococcus_19209,96.117,Streptococcus n.sp. 27098_8_91
Streptococcus_19209,96.117,Streptococcus n.sp. 20925_1_69
Streptococcus_19209,96.117,Streptococcus n.sp. 27098_8_103
Streptococcus_19209,96.117,Streptococcus n.sp. 27098_8_109
Streptococcus_19209,96.117,Streptococcus n.sp. 27098_8_76
Streptococcus_19209,96.117,Streptococcus mitis 27098_8_87
Streptococcus_19209,95.631,Streptococcus n.sp. 27098_8_23
Streptococcus_19209,96.117,Streptococcus n.sp. 27098_8_51
Streptococcus_19209,96.117,Streptococcus n.sp. 27098_8_70
Streptococcus_19209,98.058,Streptococcus parasanguinis 20925_1_10
Streptococcus_19209,98.058,Streptococcus n.sp. 20925_1_77
Streptococcus_19209,98.058,Streptococcus n.sp. 27098_8_12
Streptococcus_19209,98.058,Streptococcus parasanguinis 20925_1_143
Streptococcus_19209,98.058,Streptococcus n.sp. 27098_8_148
Streptococcus_19209,98.058,Streptococcus parasanguinis 27098_8_150
Streptococcus_19209,98.058,Streptococcus n.sp. 27098_8_177
Streptococcus_19209,98.058,Streptococcus n.sp. 27098_8_186
Streptococcus_19209,98.058,Streptococcus parasanguinis 27098_8_46
Streptococcus_19209,98.058,Streptococcus parasanguinis 27098_8_54
Streptococcus_19209,98.058,Streptococcus n.sp. 27098_8_66
Streptococcus_19209,98.058,Streptococcus n.sp. 27098_8_98
Streptococcus_19209,98.058,Streptococcus n.sp. 27098_8_99
Streptococcus_19209,95.631,Streptococcus anginosus 27098_8_173
Streptococcus_19209,96.117,Streptococcus pseudopneumoniae 20925_1_26
Streptococcus_19209,99.029,Streptococcus salivarius 20925_1_11
Streptococcus_19209,99.029,Streptococcus salivarius 20925_1_13
Streptococcus_19209,99.029,Streptococcus salivarius 27098_8_110
Streptococcus_19209,99.029,Streptococcus salivarius 27098_8_117
Streptococcus_19209,99.029,Streptococcus salivarius 27098_8_119
Streptococcus_19209,99.029,Streptococcus salivarius 27098_8_152
Streptococcus_19209,99.029,Streptococcus salivarius 27098_8_153
Streptococcus_19209,99.029,Streptococcus n.sp. 27098_8_74
Streptococcus_19209,97.573,Streptococcus n.sp. 20925_1_22
Streptococcus_19209,97.573,Streptococcus n.sp. 27098_8_134
Streptococcus_19209,97.573,Streptococcus sanguinis 27098_8_181
Streptococcus_19209,97.573,Streptococcus n.sp. 27098_8_82
Streptococcus_19211,95.631,Streptococcus chosunense 27098_8_53
Streptococcus_19211,95.631,Streptococcus n.sp. 27098_8_86
Streptococcus_19211,96.117,Streptococcus constellatus 20925_1_21
Streptococcus_19211,97.573,Streptococcus n.sp. 27098_8_113
Streptococcus_19211,97.573,Streptococcus n.sp. 27098_8_73
Streptococcus_19211,98.058,Streptococcus gordonii 27098_8_101
Streptococcus_19211,98.058,Streptococcus n.sp. 27098_8_75
Streptococcus_19211,95.631,Streptococcus n.sp. 20925_1_44
Streptococcus_19211,95.631,Streptococcus n.sp. 27098_8_22
Streptococcus_19211,95.631,Streptococcus n.sp. 27098_8_69
Streptococcus_19211,95.631,Streptococcus n.sp. 27098_8_91
Streptococcus_19211,95.631,Streptococcus n.sp. 20925_1_69
Streptococcus_19211,95.631,Streptococcus n.sp. 27098_8_103
Streptococcus_19211,95.631,Streptococcus n.sp. 27098_8_109
Streptococcus_19211,95.631,Streptococcus n.sp. 27098_8_76
Streptococcus_19211,95.631,Streptococcus mitis 27098_8_87
Streptococcus_19211,95.146,Streptococcus n.sp. 27098_8_23
Streptococcus_19211,95.631,Streptococcus n.sp. 27098_8_51
Streptococcus_19211,95.631,Streptococcus n.sp. 27098_8_70
Streptococcus_19211,97.573,Streptococcus parasanguinis 20925_1_10
Streptococcus_19211,97.573,Streptococcus n.sp. 20925_1_77
Streptococcus_19211,97.573,Streptococcus n.sp. 27098_8_12
Streptococcus_19211,97.573,Streptococcus parasanguinis 20925_1_143
Streptococcus_19211,97.573,Streptococcus n.sp. 27098_8_148
Streptococcus_19211,97.573,Streptococcus parasanguinis 27098_8_150
Streptococcus_19211,97.573,Streptococcus n.sp. 27098_8_177
Streptococcus_19211,97.573,Streptococcus n.sp. 27098_8_186
Streptococcus_19211,97.573,Streptococcus parasanguinis 27098_8_46
Streptococcus_19211,97.573,Streptococcus parasanguinis 27098_8_54
Streptococcus_19211,97.573,Streptococcus n.sp. 27098_8_66
Streptococcus_19211,97.573,Streptococcus n.sp. 27098_8_98
Streptococcus_19211,97.573,Streptococcus n.sp. 27098_8_99
Streptococcus_19211,95.631,Streptococcus anginosus 27098_8_173
Streptococcus_19211,95.631,Streptococcus pseudopneumoniae 20925_1_26
Streptococcus_19211,98.544,Streptococcus salivarius 20925_1_11
Streptococcus_19211,98.544,Streptococcus salivarius 20925_1_13
Streptococcus_19211,98.544,Streptococcus salivarius 27098_8_110
Streptococcus_19211,98.544,Streptococcus salivarius 27098_8_117
Streptococcus_19211,98.544,Streptococcus salivarius 27098_8_119
Streptococcus_19211,98.544,Streptococcus salivarius 27098_8_152
Streptococcus_19211,98.544,Streptococcus salivarius 27098_8_153
Streptococcus_19211,98.544,Streptococcus n.sp. 27098_8_74
Streptococcus_19211,98.058,Streptococcus n.sp. 20925_1_22
Streptococcus_19211,98.058,Streptococcus n.sp. 27098_8_134
Streptococcus_19211,98.058,Streptococcus sanguinis 27098_8_181
Streptococcus_19211,98.058,Streptococcus n.sp. 27098_8_82
Veillonella_19271,,no_isolate
Streptococcus_19394,96.602,Streptococcus n.sp. 27098_8_113
Streptococcus_19394,96.602,Streptococcus n.sp. 27098_8_73
Streptococcus_19394,96.117,Streptococcus gordonii 27098_8_101
Streptococcus_19394,96.117,Streptococcus n.sp. 27098_8_75
Streptococcus_19394,96.602,Streptococcus parasanguinis 20925_1_10
Streptococcus_19394,96.602,Streptococcus n.sp. 20925_1_77
Streptococcus_19394,96.602,Streptococcus n.sp. 27098_8_12
Streptococcus_19394,96.602,Streptococcus parasanguinis 20925_1_143
Streptococcus_19394,96.602,Streptococcus n.sp. 27098_8_148
Streptococcus_19394,96.602,Streptococcus parasanguinis 27098_8_150
Streptococcus_19394,96.602,Streptococcus n.sp. 27098_8_177
Streptococcus_19394,96.602,Streptococcus n.sp. 27098_8_186
Streptococcus_19394,96.602,Streptococcus parasanguinis 27098_8_46
Streptococcus_19394,96.602,Streptococcus parasanguinis 27098_8_54
Streptococcus_19394,96.602,Streptococcus n.sp. 27098_8_66
Streptococcus_19394,96.602,Streptococcus n.sp. 27098_8_98
Streptococcus_19394,96.602,Streptococcus n.sp. 27098_8_99
Streptococcus_19394,96.117,Streptococcus n.sp. 20925_1_22
Streptococcus_19394,96.117,Streptococcus n.sp. 27098_8_134
Streptococcus_19394,96.117,Streptococcus sanguinis 27098_8_181
Streptococcus_19394,96.117,Streptococcus n.sp. 27098_8_82
Selenomonas_19629,,no_isolate
Selenomonas_19630,,no_isolate
Selenomonas_19639,,no_isolate
Selenomonas_19640,,no_isolate
Selenomonas_19648,,no_isolate
Selenomonas_3_19672,,no_isolate
Selenomonas_3_19813,,no_isolate
Selenomonas_3_19814,,no_isolate
Selenomonas_3_19868,,no_isolate
Selenomonas_3_20346,,no_isolate
Selenomonas_3_20507,,no_isolate
Selenomonas_3_20509,,no_isolate
Selenomonas_3_20514,,no_isolate
Veillonella_20573,,no_isolate
Selenomonas_20575,,no_isolate
Selenomonas_3_20591,,no_isolate
Selenomonas_3_20599,,no_isolate
Veillonella_20609,,no_isolate
Selenomonas_3_20618,,no_isolate
Selenomonas_3_20623,,no_isolate
Selenomonas_3_20634,,no_isolate
Veillonellaceae_20658,,no_isolate
Veillonella_20718,96.117,Veillonella atypica 20925_1_29
Veillonella_20718,96.117,Veillonella atypica 27098_8_30
Veillonella_20718,96.117,Veillonella n.sp. 27098_8_77
Veillonella_20718,96.117,Veillonella atypica 27098_8_79
Veillonella_20718,96.117,Veillonella infantium 27098_8_111
Veillonella_20718,97.087,Veillonella rogosae 27098_8_62
Veillonella_20727,96.117,Veillonella atypica 20925_1_29
Veillonella_20727,96.117,Veillonella atypica 27098_8_30
Veillonella_20727,96.117,Veillonella n.sp. 27098_8_77
Veillonella_20727,96.117,Veillonella atypica 27098_8_79
Veillonella_20727,96.117,Veillonella infantium 27098_8_111
Veillonella_20727,95.631,Veillonella rogosae 27098_8_62
Veillonella_20746,95.631,Veillonella rogosae 27098_8_62
Veillonella_20807,96.135,Veillonella atypica 20925_1_29
Veillonella_20807,96.135,Veillonella atypica 27098_8_30
Veillonella_20807,96.135,Veillonella n.sp. 27098_8_77
Veillonella_20807,96.135,Veillonella atypica 27098_8_79
Veillonella_20807,96.135,Veillonella infantium 27098_8_111
Veillonella_20910,,no_isolate
Selenomonas_3_20916,,no_isolate
Selenomonas_3_20928,,no_isolate
Selenomonas_3_20933,,no_isolate
Selenomonas_3_20940,,no_isolate
Selenomonas_3_20942,,no_isolate
Veillonella_20943,,no_isolate
Veillonella_20956,,no_isolate
Veillonellaceae_20989,,no_isolate
Selenomonas_4_20993,,no_isolate
Selenomonas_4_20994,,no_isolate
Selenomonas_4_20995,,no_isolate
Selenomonas_4_20997,,no_isolate
Selenomonas_4_21000,,no_isolate
Selenomonas_4_21001,,no_isolate
Veillonellaceae_21008,,no_isolate
Veillonellaceae_21036,,no_isolate
Selenomonas_3_21049,,no_isolate
Veillonellaceae_21051,,no_isolate
Veillonellaceae_21092,,no_isolate
Selenomonas_3_21156,,no_isolate
Selenomonas_3_21157,,no_isolate
Selenomonas_3_21233,,no_isolate
Selenomonas_3_21234,,no_isolate
Selenomonas_3_21237,,no_isolate
Selenomonas_3_21238,,no_isolate
Selenomonas_3_21239,,no_isolate
Selenomonas_3_21244,,no_isolate
Selenomonas_3_21249,,no_isolate
Selenomonas_3_21250,,no_isolate
Selenomonas_3_21255,,no_isolate
Selenomonas_3_21256,,no_isolate
Selenomonas_3_21259,,no_isolate
Selenomonas_3_21260,,no_isolate
Selenomonas_3_21262,,no_isolate
Selenomonas_3_21263,,no_isolate
Selenomonas_21281,,no_isolate
Selenomonas_3_21382,,no_isolate
Veillonella_21898,96.602,Veillonella atypica 20925_1_29
Veillonella_21898,96.602,Veillonella atypica 27098_8_30
Veillonella_21898,96.602,Veillonella n.sp. 27098_8_77
Veillonella_21898,96.602,Veillonella atypica 27098_8_79
Veillonella_21898,96.602,Veillonella infantium 27098_8_111
Veillonella_21904,96.117,Veillonella atypica 20925_1_29
Veillonella_21904,96.117,Veillonella atypica 27098_8_30
Veillonella_21904,96.117,Veillonella n.sp. 27098_8_77
Veillonella_21904,96.117,Veillonella atypica 27098_8_79
Veillonella_21904,96.117,Veillonella infantium 27098_8_111
Veillonella_21906,98.544,Veillonella atypica 20925_1_29
Veillonella_21906,98.544,Veillonella atypica 27098_8_30
Veillonella_21906,98.544,Veillonella n.sp. 27098_8_77
Veillonella_21906,98.544,Veillonella atypica 27098_8_79
Veillonella_21906,98.544,Veillonella infantium 27098_8_111
Veillonella_21906,96.602,Veillonella rogosae 27098_8_62
Veillonella_21912,95.652,Veillonella atypica 20925_1_29
Veillonella_21912,95.652,Veillonella atypica 27098_8_30
Veillonella_21912,95.652,Veillonella n.sp. 27098_8_77
Veillonella_21912,95.652,Veillonella atypica 27098_8_79
Veillonella_21912,95.652,Veillonella infantium 27098_8_111
Veillonella_21920,,no_isolate
Veillonella_21921,,no_isolate
Veillonella_21937,97.573,Veillonella atypica 20925_1_29
Veillonella_21937,97.573,Veillonella atypica 27098_8_30
Veillonella_21937,97.573,Veillonella n.sp. 27098_8_77
Veillonella_21937,97.573,Veillonella atypica 27098_8_79
Veillonella_21937,97.573,Veillonella infantium 27098_8_111
Veillonella_21937,96.117,Veillonella rogosae 27098_8_62
Veillonella_21986,,no_isolate
Veillonella_22116,96.135,Veillonella atypica 20925_1_29
Veillonella_22116,96.135,Veillonella atypica 27098_8_30
Veillonella_22116,96.135,Veillonella n.sp. 27098_8_77
Veillonella_22116,96.135,Veillonella atypica 27098_8_79
Veillonella_22116,96.135,Veillonella infantium 27098_8_111
Veillonella_22116,96.618,Veillonella rogosae 27098_8_62
Dialister_23116,,no_isolate
Dialister_23118,,no_isolate
Dialister_23130,,no_isolate
Dialister_23136,,no_isolate
Dialister_23143,,no_isolate
Dialister_23155,,no_isolate
Megasphaera_23167,,no_isolate
Megasphaera_23169,,no_isolate
Megasphaera_23299,,no_isolate
Megasphaera_23303,,no_isolate
Veillonella_23308,,no_isolate
Veillonellaceae_23309,,no_isolate
Dialister_23314,,no_isolate
Dialister_23316,,no_isolate
Veillonella_23370,,no_isolate
Veillonella_23466,,no_isolate
Veillonellaceae_23525,,no_isolate
Veillonella_23526,,no_isolate
Megasphaera_23559,,no_isolate
Veillonella_23601,,no_isolate
Veillonella_23635,97.573,Veillonella atypica 20925_1_29
Veillonella_23635,97.573,Veillonella atypica 27098_8_30
Veillonella_23635,97.573,Veillonella n.sp. 27098_8_77
Veillonella_23635,97.573,Veillonella atypica 27098_8_79
Veillonella_23635,97.573,Veillonella infantium 27098_8_111
Veillonella_23635,96.117,Veillonella rogosae 27098_8_62
Veillonella_23636,,no_isolate
Dialister_23657,,no_isolate
Veillonella_23841,96.117,Veillonella atypica 20925_1_29
Veillonella_23841,96.117,Veillonella atypica 27098_8_30
Veillonella_23841,96.117,Veillonella n.sp. 27098_8_77
Veillonella_23841,96.117,Veillonella atypica 27098_8_79
Veillonella_23841,96.117,Veillonella infantium 27098_8_111
Veillonella_23871,,no_isolate
Veillonellaceae_23892,,no_isolate
Veillonella_23938,,no_isolate
Veillonella_24120,97.087,Veillonella atypica 20925_1_29
Veillonella_24120,97.087,Veillonella atypica 27098_8_30
Veillonella_24120,97.087,Veillonella n.sp. 27098_8_77
Veillonella_24120,97.087,Veillonella atypica 27098_8_79
Veillonella_24120,97.087,Veillonella infantium 27098_8_111
Veillonella_24120,99.029,Veillonella rogosae 27098_8_62
Veillonella_24187,99.029,Veillonella atypica 20925_1_29
Veillonella_24187,99.029,Veillonella atypica 27098_8_30
Veillonella_24187,99.029,Veillonella n.sp. 27098_8_77
Veillonella_24187,99.029,Veillonella atypica 27098_8_79
Veillonella_24187,99.029,Veillonella infantium 27098_8_111
Veillonella_24187,99.029,Veillonella rogosae 27098_8_62
Veillonella_24200,98.058,Veillonella atypica 20925_1_29
Veillonella_24200,98.058,Veillonella atypica 27098_8_30
Veillonella_24200,98.058,Veillonella n.sp. 27098_8_77
Veillonella_24200,98.058,Veillonella atypica 27098_8_79
Veillonella_24200,98.058,Veillonella infantium 27098_8_111
Veillonella_24200,100,Veillonella rogosae 27098_8_62
Veillonella_24201,97.573,Veillonella atypica 20925_1_29
Veillonella_24201,97.573,Veillonella atypica 27098_8_30
Veillonella_24201,97.573,Veillonella n.sp. 27098_8_77
Veillonella_24201,97.573,Veillonella atypica 27098_8_79
Veillonella_24201,97.573,Veillonella infantium 27098_8_111
Veillonella_24201,99.515,Veillonella rogosae 27098_8_62
Veillonella_24231,96.117,Veillonella atypica 20925_1_29
Veillonella_24231,96.117,Veillonella atypica 27098_8_30
Veillonella_24231,96.117,Veillonella n.sp. 27098_8_77
Veillonella_24231,96.117,Veillonella atypica 27098_8_79
Veillonella_24231,96.117,Veillonella infantium 27098_8_111
Veillonella_24266,,no_isolate
Veillonella_24286,,no_isolate
Veillonella_24292,,no_isolate
Veillonella_24339,96.602,Veillonella atypica 20925_1_29
Veillonella_24339,96.602,Veillonella atypica 27098_8_30
Veillonella_24339,96.602,Veillonella n.sp. 27098_8_77
Veillonella_24339,96.602,Veillonella atypica 27098_8_79
Veillonella_24339,96.602,Veillonella infantium 27098_8_111
Veillonella_24339,98.544,Veillonella rogosae 27098_8_62
Veillonella_24408,98.058,Veillonella atypica 20925_1_29
Veillonella_24408,98.058,Veillonella atypica 27098_8_30
Veillonella_24408,98.058,Veillonella n.sp. 27098_8_77
Veillonella_24408,98.058,Veillonella atypica 27098_8_79
Veillonella_24408,98.058,Veillonella infantium 27098_8_111
Veillonella_24408,98.058,Veillonella rogosae 27098_8_62
Veillonella_24412,97.087,Veillonella atypica 20925_1_29
Veillonella_24412,97.087,Veillonella atypica 27098_8_30
Veillonella_24412,97.087,Veillonella n.sp. 27098_8_77
Veillonella_24412,97.087,Veillonella atypica 27098_8_79
Veillonella_24412,97.087,Veillonella infantium 27098_8_111
Veillonella_24412,99.029,Veillonella rogosae 27098_8_62
Veillonella_24413,97.573,Veillonella atypica 20925_1_29
Veillonella_24413,97.573,Veillonella atypica 27098_8_30
Veillonella_24413,97.573,Veillonella n.sp. 27098_8_77
Veillonella_24413,97.573,Veillonella atypica 27098_8_79
Veillonella_24413,97.573,Veillonella infantium 27098_8_111
Veillonella_24413,99.515,Veillonella rogosae 27098_8_62
Veillonella_24417,97.573,Veillonella atypica 20925_1_29
Veillonella_24417,97.573,Veillonella atypica 27098_8_30
Veillonella_24417,97.573,Veillonella n.sp. 27098_8_77
Veillonella_24417,97.573,Veillonella atypica 27098_8_79
Veillonella_24417,97.573,Veillonella infantium 27098_8_111
Veillonella_24417,99.515,Veillonella rogosae 27098_8_62
Veillonella_24418,97.573,Veillonella atypica 20925_1_29
Veillonella_24418,97.573,Veillonella atypica 27098_8_30
Veillonella_24418,97.573,Veillonella n.sp. 27098_8_77
Veillonella_24418,97.573,Veillonella atypica 27098_8_79
Veillonella_24418,97.573,Veillonella infantium 27098_8_111
Veillonella_24418,99.515,Veillonella rogosae 27098_8_62
Veillonella_24423,97.573,Veillonella atypica 20925_1_29
Veillonella_24423,97.573,Veillonella atypica 27098_8_30
Veillonella_24423,97.573,Veillonella n.sp. 27098_8_77
Veillonella_24423,97.573,Veillonella atypica 27098_8_79
Veillonella_24423,97.573,Veillonella infantium 27098_8_111
Veillonella_24423,99.515,Veillonella rogosae 27098_8_62
Veillonella_24424,97.087,Veillonella atypica 20925_1_29
Veillonella_24424,97.087,Veillonella atypica 27098_8_30
Veillonella_24424,97.087,Veillonella n.sp. 27098_8_77
Veillonella_24424,97.087,Veillonella atypica 27098_8_79
Veillonella_24424,97.087,Veillonella infantium 27098_8_111
Veillonella_24424,99.029,Veillonella rogosae 27098_8_62
Veillonella_24425,97.573,Veillonella atypica 20925_1_29
Veillonella_24425,97.573,Veillonella atypica 27098_8_30
Veillonella_24425,97.573,Veillonella n.sp. 27098_8_77
Veillonella_24425,97.573,Veillonella atypica 27098_8_79
Veillonella_24425,97.573,Veillonella infantium 27098_8_111
Veillonella_24425,99.515,Veillonella rogosae 27098_8_62
Veillonella_24430,97.573,Veillonella atypica 20925_1_29
Veillonella_24430,97.573,Veillonella atypica 27098_8_30
Veillonella_24430,97.573,Veillonella n.sp. 27098_8_77
Veillonella_24430,97.573,Veillonella atypica 27098_8_79
Veillonella_24430,97.573,Veillonella infantium 27098_8_111
Veillonella_24430,99.515,Veillonella rogosae 27098_8_62
Veillonella_24601,,no_isolate
Veillonella_24675,96.117,Veillonella atypica 20925_1_29
Veillonella_24675,96.117,Veillonella atypica 27098_8_30
Veillonella_24675,96.117,Veillonella n.sp. 27098_8_77
Veillonella_24675,96.117,Veillonella atypica 27098_8_79
Veillonella_24675,96.117,Veillonella infantium 27098_8_111
Veillonella_24697,96.602,Veillonella atypica 20925_1_29
Veillonella_24697,96.602,Veillonella atypica 27098_8_30
Veillonella_24697,96.602,Veillonella n.sp. 27098_8_77
Veillonella_24697,96.602,Veillonella atypica 27098_8_79
Veillonella_24697,96.602,Veillonella infantium 27098_8_111
Veillonella_24704,,no_isolate
Selenomonas_3_24755,,no_isolate
Veillonellaceae_24785,,no_isolate
Veillonella_24809,,no_isolate
Veillonella_25306,,no_isolate
Veillonella_25327,,no_isolate
Selenomonas_3_25337,,no_isolate
Veillonella_25349,,no_isolate
Veillonella_25354,,no_isolate
Veillonella_25390,,no_isolate
Veillonella_25433,99.029,Veillonella atypica 20925_1_29
Veillonella_25433,99.029,Veillonella atypica 27098_8_30
Veillonella_25433,99.029,Veillonella n.sp. 27098_8_77
Veillonella_25433,99.029,Veillonella atypica 27098_8_79
Veillonella_25433,99.029,Veillonella infantium 27098_8_111
Veillonella_25433,97.087,Veillonella rogosae 27098_8_62
Veillonella_25442,,no_isolate
Veillonella_25443,,no_isolate
Veillonella_25448,,no_isolate
Veillonella_25450,,no_isolate
Veillonella_25470,,no_isolate
Veillonella_25564,98.544,Veillonella atypica 20925_1_29
Veillonella_25564,98.544,Veillonella atypica 27098_8_30
Veillonella_25564,98.544,Veillonella n.sp. 27098_8_77
Veillonella_25564,98.544,Veillonella atypica 27098_8_79
Veillonella_25564,98.544,Veillonella infantium 27098_8_111
Veillonella_25564,98.544,Veillonella rogosae 27098_8_62
Veillonella_25572,98.544,Veillonella atypica 20925_1_29
Veillonella_25572,98.544,Veillonella atypica 27098_8_30
Veillonella_25572,98.544,Veillonella n.sp. 27098_8_77
Veillonella_25572,98.544,Veillonella atypica 27098_8_79
Veillonella_25572,98.544,Veillonella infantium 27098_8_111
Veillonella_25572,98.544,Veillonella rogosae 27098_8_62
Veillonella_25575,,no_isolate
Veillonella_25586,,no_isolate
Veillonella_25587,100,Veillonella atypica 20925_1_29
Veillonella_25587,100,Veillonella atypica 27098_8_30
Veillonella_25587,100,Veillonella n.sp. 27098_8_77
Veillonella_25587,100,Veillonella atypica 27098_8_79
Veillonella_25587,100,Veillonella infantium 27098_8_111
Veillonella_25587,98.058,Veillonella rogosae 27098_8_62
Veillonella_25588,99.515,Veillonella atypica 20925_1_29
Veillonella_25588,99.515,Veillonella atypica 27098_8_30
Veillonella_25588,99.515,Veillonella n.sp. 27098_8_77
Veillonella_25588,99.515,Veillonella atypica 27098_8_79
Veillonella_25588,99.515,Veillonella infantium 27098_8_111
Veillonella_25588,97.573,Veillonella rogosae 27098_8_62
Veillonella_25589,99.515,Veillonella atypica 20925_1_29
Veillonella_25589,99.515,Veillonella atypica 27098_8_30
Veillonella_25589,99.515,Veillonella n.sp. 27098_8_77
Veillonella_25589,99.515,Veillonella atypica 27098_8_79
Veillonella_25589,99.515,Veillonella infantium 27098_8_111
Veillonella_25589,97.573,Veillonella rogosae 27098_8_62
Veillonella_25590,99.029,Veillonella atypica 20925_1_29
Veillonella_25590,99.029,Veillonella atypica 27098_8_30
Veillonella_25590,99.029,Veillonella n.sp. 27098_8_77
Veillonella_25590,99.029,Veillonella atypica 27098_8_79
Veillonella_25590,99.029,Veillonella infantium 27098_8_111
Veillonella_25590,97.087,Veillonella rogosae 27098_8_62
Veillonella_25592,99.029,Veillonella atypica 20925_1_29
Veillonella_25592,99.029,Veillonella atypica 27098_8_30
Veillonella_25592,99.029,Veillonella n.sp. 27098_8_77
Veillonella_25592,99.029,Veillonella atypica 27098_8_79
Veillonella_25592,99.029,Veillonella infantium 27098_8_111
Veillonella_25592,97.087,Veillonella rogosae 27098_8_62
Veillonella_25593,99.515,Veillonella atypica 20925_1_29
Veillonella_25593,99.515,Veillonella atypica 27098_8_30
Veillonella_25593,99.515,Veillonella n.sp. 27098_8_77
Veillonella_25593,99.515,Veillonella atypica 27098_8_79
Veillonella_25593,99.515,Veillonella infantium 27098_8_111
Veillonella_25593,97.573,Veillonella rogosae 27098_8_62
Veillonella_25597,99.029,Veillonella atypica 20925_1_29
Veillonella_25597,99.029,Veillonella atypica 27098_8_30
Veillonella_25597,99.029,Veillonella n.sp. 27098_8_77
Veillonella_25597,99.029,Veillonella atypica 27098_8_79
Veillonella_25597,99.029,Veillonella infantium 27098_8_111
Veillonella_25597,97.573,Veillonella rogosae 27098_8_62
Veillonella_25598,99.029,Veillonella atypica 20925_1_29
Veillonella_25598,99.029,Veillonella atypica 27098_8_30
Veillonella_25598,99.029,Veillonella n.sp. 27098_8_77
Veillonella_25598,99.029,Veillonella atypica 27098_8_79
Veillonella_25598,99.029,Veillonella infantium 27098_8_111
Veillonella_25598,97.573,Veillonella rogosae 27098_8_62
Veillonella_25599,99.515,Veillonella atypica 20925_1_29
Veillonella_25599,99.515,Veillonella atypica 27098_8_30
Veillonella_25599,99.515,Veillonella n.sp. 27098_8_77
Veillonella_25599,99.515,Veillonella atypica 27098_8_79
Veillonella_25599,99.515,Veillonella infantium 27098_8_111
Veillonella_25599,98.058,Veillonella rogosae 27098_8_62
Veillonella_25600,99.029,Veillonella atypica 20925_1_29
Veillonella_25600,99.029,Veillonella atypica 27098_8_30
Veillonella_25600,99.029,Veillonella n.sp. 27098_8_77
Veillonella_25600,99.029,Veillonella atypica 27098_8_79
Veillonella_25600,99.029,Veillonella infantium 27098_8_111
Veillonella_25600,97.573,Veillonella rogosae 27098_8_62
Veillonella_25601,99.029,Veillonella atypica 20925_1_29
Veillonella_25601,99.029,Veillonella atypica 27098_8_30
Veillonella_25601,99.029,Veillonella n.sp. 27098_8_77
Veillonella_25601,99.029,Veillonella atypica 27098_8_79
Veillonella_25601,99.029,Veillonella infantium 27098_8_111
Veillonella_25601,97.573,Veillonella rogosae 27098_8_62
Veillonella_25602,99.029,Veillonella atypica 20925_1_29
Veillonella_25602,99.029,Veillonella atypica 27098_8_30
Veillonella_25602,99.029,Veillonella n.sp. 27098_8_77
Veillonella_25602,99.029,Veillonella atypica 27098_8_79
Veillonella_25602,99.029,Veillonella infantium 27098_8_111
Veillonella_25602,97.573,Veillonella rogosae 27098_8_62
Veillonella_25603,99.029,Veillonella atypica 20925_1_29
Veillonella_25603,99.029,Veillonella atypica 27098_8_30
Veillonella_25603,99.029,Veillonella n.sp. 27098_8_77
Veillonella_25603,99.029,Veillonella atypica 27098_8_79
Veillonella_25603,99.029,Veillonella infantium 27098_8_111
Veillonella_25603,97.573,Veillonella rogosae 27098_8_62
Veillonella_25626,99.515,Veillonella atypica 20925_1_29
Veillonella_25626,99.515,Veillonella atypica 27098_8_30
Veillonella_25626,99.515,Veillonella n.sp. 27098_8_77
Veillonella_25626,99.515,Veillonella atypica 27098_8_79
Veillonella_25626,99.515,Veillonella infantium 27098_8_111
Veillonella_25626,97.573,Veillonella rogosae 27098_8_62
Veillonella_25627,99.515,Veillonella atypica 20925_1_29
Veillonella_25627,99.515,Veillonella atypica 27098_8_30
Veillonella_25627,99.515,Veillonella n.sp. 27098_8_77
Veillonella_25627,99.515,Veillonella atypica 27098_8_79
Veillonella_25627,99.515,Veillonella infantium 27098_8_111
Veillonella_25627,97.573,Veillonella rogosae 27098_8_62
Veillonella_25660,99.515,Veillonella atypica 20925_1_29
Veillonella_25660,99.515,Veillonella atypica 27098_8_30
Veillonella_25660,99.515,Veillonella n.sp. 27098_8_77
Veillonella_25660,99.515,Veillonella atypica 27098_8_79
Veillonella_25660,99.515,Veillonella infantium 27098_8_111
Veillonella_25660,97.573,Veillonella rogosae 27098_8_62
Veillonella_25717,,no_isolate
Veillonella_25718,,no_isolate
Veillonella_25723,,no_isolate
Veillonella_25734,,no_isolate
Veillonella_25766,,no_isolate
Veillonella_25777,,no_isolate
Dialister_25796,,no_isolate
Veillonella_25805,,no_isolate
Veillonella_25845,96.602,Veillonella atypica 20925_1_29
Veillonella_25845,96.602,Veillonella atypica 27098_8_30
Veillonella_25845,96.602,Veillonella n.sp. 27098_8_77
Veillonella_25845,96.602,Veillonella atypica 27098_8_79
Veillonella_25845,96.602,Veillonella infantium 27098_8_111
Veillonella_25845,96.602,Veillonella rogosae 27098_8_62
Veillonella_25897,96.602,Veillonella atypica 20925_1_29
Veillonella_25897,96.602,Veillonella atypica 27098_8_30
Veillonella_25897,96.602,Veillonella n.sp. 27098_8_77
Veillonella_25897,96.602,Veillonella atypica 27098_8_79
Veillonella_25897,96.602,Veillonella infantium 27098_8_111
Veillonella_25928,,no_isolate
Streptococcus_26170,97.087,Streptococcus chosunense 27098_8_53
Streptococcus_26170,97.087,Streptococcus n.sp. 27098_8_86
Streptococcus_26170,97.087,Streptococcus constellatus 20925_1_21
Streptococcus_26170,99.029,Streptococcus n.sp. 27098_8_113
Streptococcus_26170,99.029,Streptococcus n.sp. 27098_8_73
Streptococcus_26170,99.515,Streptococcus gordonii 27098_8_101
Streptococcus_26170,99.515,Streptococcus n.sp. 27098_8_75
Streptococcus_26170,97.087,Streptococcus n.sp. 20925_1_44
Streptococcus_26170,97.087,Streptococcus n.sp. 27098_8_22
Streptococcus_26170,97.087,Streptococcus n.sp. 27098_8_69
Streptococcus_26170,97.087,Streptococcus n.sp. 27098_8_91
Streptococcus_26170,97.087,Streptococcus n.sp. 20925_1_69
Streptococcus_26170,97.087,Streptococcus n.sp. 27098_8_103
Streptococcus_26170,97.087,Streptococcus n.sp. 27098_8_109
Streptococcus_26170,97.087,Streptococcus n.sp. 27098_8_76
Streptococcus_26170,97.087,Streptococcus mitis 27098_8_87
Streptococcus_26170,96.602,Streptococcus n.sp. 27098_8_23
Streptococcus_26170,97.087,Streptococcus n.sp. 27098_8_51
Streptococcus_26170,97.087,Streptococcus n.sp. 27098_8_70
Streptococcus_26170,99.029,Streptococcus parasanguinis 20925_1_10
Streptococcus_26170,99.029,Streptococcus n.sp. 20925_1_77
Streptococcus_26170,99.029,Streptococcus n.sp. 27098_8_12
Streptococcus_26170,99.029,Streptococcus parasanguinis 20925_1_143
Streptococcus_26170,99.029,Streptococcus n.sp. 27098_8_148
Streptococcus_26170,99.029,Streptococcus parasanguinis 27098_8_150
Streptococcus_26170,99.029,Streptococcus n.sp. 27098_8_177
Streptococcus_26170,99.029,Streptococcus n.sp. 27098_8_186
Streptococcus_26170,99.029,Streptococcus parasanguinis 27098_8_46
Streptococcus_26170,99.029,Streptococcus parasanguinis 27098_8_54
Streptococcus_26170,99.029,Streptococcus n.sp. 27098_8_66
Streptococcus_26170,99.029,Streptococcus n.sp. 27098_8_98
Streptococcus_26170,99.029,Streptococcus n.sp. 27098_8_99
Streptococcus_26170,96.602,Streptococcus anginosus 27098_8_173
Streptococcus_26170,97.087,Streptococcus pseudopneumoniae 20925_1_26
Streptococcus_26170,97.087,Streptococcus salivarius 20925_1_11
Streptococcus_26170,97.087,Streptococcus salivarius 20925_1_13
Streptococcus_26170,97.087,Streptococcus salivarius 27098_8_110
Streptococcus_26170,97.087,Streptococcus salivarius 27098_8_117
Streptococcus_26170,97.087,Streptococcus salivarius 27098_8_119
Streptococcus_26170,97.087,Streptococcus salivarius 27098_8_152
Streptococcus_26170,97.087,Streptococcus salivarius 27098_8_153
Streptococcus_26170,97.087,Streptococcus n.sp. 27098_8_74
Streptococcus_26170,98.544,Streptococcus n.sp. 20925_1_22
Streptococcus_26170,98.544,Streptococcus n.sp. 27098_8_134
Streptococcus_26170,98.544,Streptococcus sanguinis 27098_8_181
Streptococcus_26170,98.544,Streptococcus n.sp. 27098_8_82
Streptococcus_26206,97.573,Streptococcus chosunense 27098_8_53
Streptococcus_26206,97.573,Streptococcus n.sp. 27098_8_86
Streptococcus_26206,97.573,Streptococcus constellatus 20925_1_21
Streptococcus_26206,99.515,Streptococcus n.sp. 27098_8_113
Streptococcus_26206,99.515,Streptococcus n.sp. 27098_8_73
Streptococcus_26206,100,Streptococcus gordonii 27098_8_101
Streptococcus_26206,100,Streptococcus n.sp. 27098_8_75
Streptococcus_26206,97.573,Streptococcus n.sp. 20925_1_44
Streptococcus_26206,97.573,Streptococcus n.sp. 27098_8_22
Streptococcus_26206,97.573,Streptococcus n.sp. 27098_8_69
Streptococcus_26206,97.573,Streptococcus n.sp. 27098_8_91
Streptococcus_26206,97.573,Streptococcus n.sp. 20925_1_69
Streptococcus_26206,97.573,Streptococcus n.sp. 27098_8_103
Streptococcus_26206,97.573,Streptococcus n.sp. 27098_8_109
Streptococcus_26206,97.573,Streptococcus n.sp. 27098_8_76
Streptococcus_26206,97.573,Streptococcus mitis 27098_8_87
Streptococcus_26206,97.087,Streptococcus n.sp. 27098_8_23
Streptococcus_26206,97.573,Streptococcus n.sp. 27098_8_51
Streptococcus_26206,97.573,Streptococcus n.sp. 27098_8_70
Streptococcus_26206,99.515,Streptococcus parasanguinis 20925_1_10
Streptococcus_26206,99.515,Streptococcus n.sp. 20925_1_77
Streptococcus_26206,99.515,Streptococcus n.sp. 27098_8_12
Streptococcus_26206,99.515,Streptococcus parasanguinis 20925_1_143
Streptococcus_26206,99.515,Streptococcus n.sp. 27098_8_148
Streptococcus_26206,99.515,Streptococcus parasanguinis 27098_8_150
Streptococcus_26206,99.515,Streptococcus n.sp. 27098_8_177
Streptococcus_26206,99.515,Streptococcus n.sp. 27098_8_186
Streptococcus_26206,99.515,Streptococcus parasanguinis 27098_8_46
Streptococcus_26206,99.515,Streptococcus parasanguinis 27098_8_54
Streptococcus_26206,99.515,Streptococcus n.sp. 27098_8_66
Streptococcus_26206,99.515,Streptococcus n.sp. 27098_8_98
Streptococcus_26206,99.515,Streptococcus n.sp. 27098_8_99
Streptococcus_26206,97.087,Streptococcus anginosus 27098_8_173
Streptococcus_26206,97.573,Streptococcus pseudopneumoniae 20925_1_26
Streptococcus_26206,97.573,Streptococcus salivarius 20925_1_11
Streptococcus_26206,97.573,Streptococcus salivarius 20925_1_13
Streptococcus_26206,97.573,Streptococcus salivarius 27098_8_110
Streptococcus_26206,97.573,Streptococcus salivarius 27098_8_117
Streptococcus_26206,97.573,Streptococcus salivarius 27098_8_119
Streptococcus_26206,97.573,Streptococcus salivarius 27098_8_152
Streptococcus_26206,97.573,Streptococcus salivarius 27098_8_153
Streptococcus_26206,97.573,Streptococcus n.sp. 27098_8_74
Streptococcus_26206,99.029,Streptococcus n.sp. 20925_1_22
Streptococcus_26206,99.029,Streptococcus n.sp. 27098_8_134
Streptococcus_26206,99.029,Streptococcus sanguinis 27098_8_181
Streptococcus_26206,99.029,Streptococcus n.sp. 27098_8_82
Streptococcus_26207,97.087,Streptococcus chosunense 27098_8_53
Streptococcus_26207,97.087,Streptococcus n.sp. 27098_8_86
Streptococcus_26207,97.087,Streptococcus constellatus 20925_1_21
Streptococcus_26207,99.029,Streptococcus n.sp. 27098_8_113
Streptococcus_26207,99.029,Streptococcus n.sp. 27098_8_73
Streptococcus_26207,99.515,Streptococcus gordonii 27098_8_101
Streptococcus_26207,99.515,Streptococcus n.sp. 27098_8_75
Streptococcus_26207,97.087,Streptococcus n.sp. 20925_1_44
Streptococcus_26207,97.087,Streptococcus n.sp. 27098_8_22
Streptococcus_26207,97.087,Streptococcus n.sp. 27098_8_69
Streptococcus_26207,97.087,Streptococcus n.sp. 27098_8_91
Streptococcus_26207,97.087,Streptococcus n.sp. 20925_1_69
Streptococcus_26207,97.087,Streptococcus n.sp. 27098_8_103
Streptococcus_26207,97.087,Streptococcus n.sp. 27098_8_109
Streptococcus_26207,97.087,Streptococcus n.sp. 27098_8_76
Streptococcus_26207,97.087,Streptococcus mitis 27098_8_87
Streptococcus_26207,96.602,Streptococcus n.sp. 27098_8_23
Streptococcus_26207,97.087,Streptococcus n.sp. 27098_8_51
Streptococcus_26207,97.087,Streptococcus n.sp. 27098_8_70
Streptococcus_26207,99.029,Streptococcus parasanguinis 20925_1_10
Streptococcus_26207,99.029,Streptococcus n.sp. 20925_1_77
Streptococcus_26207,99.029,Streptococcus n.sp. 27098_8_12
Streptococcus_26207,99.029,Streptococcus parasanguinis 20925_1_143
Streptococcus_26207,99.029,Streptococcus n.sp. 27098_8_148
Streptococcus_26207,99.029,Streptococcus parasanguinis 27098_8_150
Streptococcus_26207,99.029,Streptococcus n.sp. 27098_8_177
Streptococcus_26207,99.029,Streptococcus n.sp. 27098_8_186
Streptococcus_26207,99.029,Streptococcus parasanguinis 27098_8_46
Streptococcus_26207,99.029,Streptococcus parasanguinis 27098_8_54
Streptococcus_26207,99.029,Streptococcus n.sp. 27098_8_66
Streptococcus_26207,99.029,Streptococcus n.sp. 27098_8_98
Streptococcus_26207,99.029,Streptococcus n.sp. 27098_8_99
Streptococcus_26207,96.602,Streptococcus anginosus 27098_8_173
Streptococcus_26207,97.087,Streptococcus pseudopneumoniae 20925_1_26
Streptococcus_26207,97.087,Streptococcus salivarius 20925_1_11
Streptococcus_26207,97.087,Streptococcus salivarius 20925_1_13
Streptococcus_26207,97.087,Streptococcus salivarius 27098_8_110
Streptococcus_26207,97.087,Streptococcus salivarius 27098_8_117
Streptococcus_26207,97.087,Streptococcus salivarius 27098_8_119
Streptococcus_26207,97.087,Streptococcus salivarius 27098_8_152
Streptococcus_26207,97.087,Streptococcus salivarius 27098_8_153
Streptococcus_26207,97.087,Streptococcus n.sp. 27098_8_74
Streptococcus_26207,98.544,Streptococcus n.sp. 20925_1_22
Streptococcus_26207,98.544,Streptococcus n.sp. 27098_8_134
Streptococcus_26207,98.544,Streptococcus sanguinis 27098_8_181
Streptococcus_26207,98.544,Streptococcus n.sp. 27098_8_82
Streptococcus_26208,97.087,Streptococcus chosunense 27098_8_53
Streptococcus_26208,97.087,Streptococcus n.sp. 27098_8_86
Streptococcus_26208,97.087,Streptococcus constellatus 20925_1_21
Streptococcus_26208,99.029,Streptococcus n.sp. 27098_8_113
Streptococcus_26208,99.029,Streptococcus n.sp. 27098_8_73
Streptococcus_26208,99.515,Streptococcus gordonii 27098_8_101
Streptococcus_26208,99.515,Streptococcus n.sp. 27098_8_75
Streptococcus_26208,97.087,Streptococcus n.sp. 20925_1_44
Streptococcus_26208,97.087,Streptococcus n.sp. 27098_8_22
Streptococcus_26208,97.087,Streptococcus n.sp. 27098_8_69
Streptococcus_26208,97.087,Streptococcus n.sp. 27098_8_91
Streptococcus_26208,97.087,Streptococcus n.sp. 20925_1_69
Streptococcus_26208,97.087,Streptococcus n.sp. 27098_8_103
Streptococcus_26208,97.087,Streptococcus n.sp. 27098_8_109
Streptococcus_26208,97.087,Streptococcus n.sp. 27098_8_76
Streptococcus_26208,97.087,Streptococcus mitis 27098_8_87
Streptococcus_26208,96.602,Streptococcus n.sp. 27098_8_23
Streptococcus_26208,97.087,Streptococcus n.sp. 27098_8_51
Streptococcus_26208,97.087,Streptococcus n.sp. 27098_8_70
Streptococcus_26208,99.029,Streptococcus parasanguinis 20925_1_10
Streptococcus_26208,99.029,Streptococcus n.sp. 20925_1_77
Streptococcus_26208,99.029,Streptococcus n.sp. 27098_8_12
Streptococcus_26208,99.029,Streptococcus parasanguinis 20925_1_143
Streptococcus_26208,99.029,Streptococcus n.sp. 27098_8_148
Streptococcus_26208,99.029,Streptococcus parasanguinis 27098_8_150
Streptococcus_26208,99.029,Streptococcus n.sp. 27098_8_177
Streptococcus_26208,99.029,Streptococcus n.sp. 27098_8_186
Streptococcus_26208,99.029,Streptococcus parasanguinis 27098_8_46
Streptococcus_26208,99.029,Streptococcus parasanguinis 27098_8_54
Streptococcus_26208,99.029,Streptococcus n.sp. 27098_8_66
Streptococcus_26208,99.029,Streptococcus n.sp. 27098_8_98
Streptococcus_26208,99.029,Streptococcus n.sp. 27098_8_99
Streptococcus_26208,96.602,Streptococcus anginosus 27098_8_173
Streptococcus_26208,97.087,Streptococcus pseudopneumoniae 20925_1_26
Streptococcus_26208,97.087,Streptococcus salivarius 20925_1_11
Streptococcus_26208,97.087,Streptococcus salivarius 20925_1_13
Streptococcus_26208,97.087,Streptococcus salivarius 27098_8_110
Streptococcus_26208,97.087,Streptococcus salivarius 27098_8_117
Streptococcus_26208,97.087,Streptococcus salivarius 27098_8_119
Streptococcus_26208,97.087,Streptococcus salivarius 27098_8_152
Streptococcus_26208,97.087,Streptococcus salivarius 27098_8_153
Streptococcus_26208,97.087,Streptococcus n.sp. 27098_8_74
Streptococcus_26208,98.544,Streptococcus n.sp. 20925_1_22
Streptococcus_26208,98.544,Streptococcus n.sp. 27098_8_134
Streptococcus_26208,98.544,Streptococcus sanguinis 27098_8_181
Streptococcus_26208,98.544,Streptococcus n.sp. 27098_8_82
Streptococcus_26217,,no_isolate
Streptococcus_26273,,no_isolate
Streptococcus_26287,95.146,Streptococcus n.sp. 27098_8_113
Streptococcus_26287,95.146,Streptococcus n.sp. 27098_8_73
Streptococcus_26287,95.146,Streptococcus parasanguinis 20925_1_10
Streptococcus_26287,95.146,Streptococcus n.sp. 20925_1_77
Streptococcus_26287,95.146,Streptococcus n.sp. 27098_8_12
Streptococcus_26287,95.146,Streptococcus parasanguinis 20925_1_143
Streptococcus_26287,95.146,Streptococcus n.sp. 27098_8_148
Streptococcus_26287,95.146,Streptococcus parasanguinis 27098_8_150
Streptococcus_26287,95.146,Streptococcus n.sp. 27098_8_177
Streptococcus_26287,95.146,Streptococcus n.sp. 27098_8_186
Streptococcus_26287,95.146,Streptococcus parasanguinis 27098_8_46
Streptococcus_26287,95.146,Streptococcus parasanguinis 27098_8_54
Streptococcus_26287,95.146,Streptococcus n.sp. 27098_8_66
Streptococcus_26287,95.146,Streptococcus n.sp. 27098_8_98
Streptococcus_26287,95.146,Streptococcus n.sp. 27098_8_99
Streptococcus_26293,96.602,Streptococcus n.sp. 27098_8_113
Streptococcus_26293,96.602,Streptococcus n.sp. 27098_8_73
Streptococcus_26293,96.117,Streptococcus gordonii 27098_8_101
Streptococcus_26293,96.117,Streptococcus n.sp. 27098_8_75
Streptococcus_26293,96.602,Streptococcus parasanguinis 20925_1_10
Streptococcus_26293,96.602,Streptococcus n.sp. 20925_1_77
Streptococcus_26293,96.602,Streptococcus n.sp. 27098_8_12
Streptococcus_26293,96.602,Streptococcus parasanguinis 20925_1_143
Streptococcus_26293,96.602,Streptococcus n.sp. 27098_8_148
Streptococcus_26293,96.602,Streptococcus parasanguinis 27098_8_150
Streptococcus_26293,96.602,Streptococcus n.sp. 27098_8_177
Streptococcus_26293,96.602,Streptococcus n.sp. 27098_8_186
Streptococcus_26293,96.602,Streptococcus parasanguinis 27098_8_46
Streptococcus_26293,96.602,Streptococcus parasanguinis 27098_8_54
Streptococcus_26293,96.602,Streptococcus n.sp. 27098_8_66
Streptococcus_26293,96.602,Streptococcus n.sp. 27098_8_98
Streptococcus_26293,96.602,Streptococcus n.sp. 27098_8_99
Streptococcus_26293,96.117,Streptococcus n.sp. 20925_1_22
Streptococcus_26293,96.117,Streptococcus n.sp. 27098_8_134
Streptococcus_26293,96.117,Streptococcus sanguinis 27098_8_181
Streptococcus_26293,96.117,Streptococcus n.sp. 27098_8_82
Streptococcus_26306,95.631,Streptococcus constellatus 20925_1_21
Streptococcus_26306,96.602,Streptococcus n.sp. 27098_8_113
Streptococcus_26306,96.602,Streptococcus n.sp. 27098_8_73
Streptococcus_26306,97.087,Streptococcus gordonii 27098_8_101
Streptococcus_26306,97.087,Streptococcus n.sp. 27098_8_75
Streptococcus_26306,96.602,Streptococcus parasanguinis 20925_1_10
Streptococcus_26306,96.602,Streptococcus n.sp. 20925_1_77
Streptococcus_26306,96.602,Streptococcus n.sp. 27098_8_12
Streptococcus_26306,96.602,Streptococcus parasanguinis 20925_1_143
Streptococcus_26306,96.602,Streptococcus n.sp. 27098_8_148
Streptococcus_26306,96.602,Streptococcus parasanguinis 27098_8_150
Streptococcus_26306,96.602,Streptococcus n.sp. 27098_8_177
Streptococcus_26306,96.602,Streptococcus n.sp. 27098_8_186
Streptococcus_26306,96.602,Streptococcus parasanguinis 27098_8_46
Streptococcus_26306,96.602,Streptococcus parasanguinis 27098_8_54
Streptococcus_26306,96.602,Streptococcus n.sp. 27098_8_66
Streptococcus_26306,96.602,Streptococcus n.sp. 27098_8_98
Streptococcus_26306,96.602,Streptococcus n.sp. 27098_8_99
Streptococcus_26306,95.146,Streptococcus anginosus 27098_8_173
Streptococcus_26306,96.602,Streptococcus salivarius 20925_1_11
Streptococcus_26306,96.602,Streptococcus salivarius 20925_1_13
Streptococcus_26306,96.602,Streptococcus salivarius 27098_8_110
Streptococcus_26306,96.602,Streptococcus salivarius 27098_8_117
Streptococcus_26306,96.602,Streptococcus salivarius 27098_8_119
Streptococcus_26306,96.602,Streptococcus salivarius 27098_8_152
Streptococcus_26306,96.602,Streptococcus salivarius 27098_8_153
Streptococcus_26306,96.602,Streptococcus n.sp. 27098_8_74
Streptococcus_26306,96.117,Streptococcus n.sp. 20925_1_22
Streptococcus_26306,96.117,Streptococcus n.sp. 27098_8_134
Streptococcus_26306,96.117,Streptococcus sanguinis 27098_8_181
Streptococcus_26306,96.117,Streptococcus n.sp. 27098_8_82
Streptococcus_26309,,no_isolate
Streptococcus_26330,,no_isolate
Streptococcus_26332,96.602,Streptococcus constellatus 20925_1_21
Streptococcus_26332,96.117,Streptococcus anginosus 27098_8_173
Streptococcus_26334,97.573,Streptococcus chosunense 27098_8_53
Streptococcus_26334,97.573,Streptococcus n.sp. 27098_8_86
Streptococcus_26334,96.602,Streptococcus constellatus 20925_1_21
Streptococcus_26334,99.515,Streptococcus n.sp. 27098_8_113
Streptococcus_26334,99.515,Streptococcus n.sp. 27098_8_73
Streptococcus_26334,99.029,Streptococcus gordonii 27098_8_101
Streptococcus_26334,99.029,Streptococcus n.sp. 27098_8_75
Streptococcus_26334,97.573,Streptococcus n.sp. 20925_1_44
Streptococcus_26334,97.573,Streptococcus n.sp. 27098_8_22
Streptococcus_26334,97.573,Streptococcus n.sp. 27098_8_69
Streptococcus_26334,97.573,Streptococcus n.sp. 27098_8_91
Streptococcus_26334,97.573,Streptococcus n.sp. 20925_1_69
Streptococcus_26334,97.573,Streptococcus n.sp. 27098_8_103
Streptococcus_26334,97.573,Streptococcus n.sp. 27098_8_109
Streptococcus_26334,97.573,Streptococcus n.sp. 27098_8_76
Streptococcus_26334,97.573,Streptococcus mitis 27098_8_87
Streptococcus_26334,97.087,Streptococcus n.sp. 27098_8_23
Streptococcus_26334,97.573,Streptococcus n.sp. 27098_8_51
Streptococcus_26334,97.573,Streptococcus n.sp. 27098_8_70
Streptococcus_26334,99.515,Streptococcus parasanguinis 20925_1_10
Streptococcus_26334,99.515,Streptococcus n.sp. 20925_1_77
Streptococcus_26334,99.515,Streptococcus n.sp. 27098_8_12
Streptococcus_26334,99.515,Streptococcus parasanguinis 20925_1_143
Streptococcus_26334,99.515,Streptococcus n.sp. 27098_8_148
Streptococcus_26334,99.515,Streptococcus parasanguinis 27098_8_150
Streptococcus_26334,99.515,Streptococcus n.sp. 27098_8_177
Streptococcus_26334,99.515,Streptococcus n.sp. 27098_8_186
Streptococcus_26334,99.515,Streptococcus parasanguinis 27098_8_46
Streptococcus_26334,99.515,Streptococcus parasanguinis 27098_8_54
Streptococcus_26334,99.515,Streptococcus n.sp. 27098_8_66
Streptococcus_26334,99.515,Streptococcus n.sp. 27098_8_98
Streptococcus_26334,99.515,Streptococcus n.sp. 27098_8_99
Streptococcus_26334,96.117,Streptococcus anginosus 27098_8_173
Streptococcus_26334,97.573,Streptococcus pseudopneumoniae 20925_1_26
Streptococcus_26334,96.602,Streptococcus salivarius 20925_1_11
Streptococcus_26334,96.602,Streptococcus salivarius 20925_1_13
Streptococcus_26334,96.602,Streptococcus salivarius 27098_8_110
Streptococcus_26334,96.602,Streptococcus salivarius 27098_8_117
Streptococcus_26334,96.602,Streptococcus salivarius 27098_8_119
Streptococcus_26334,96.602,Streptococcus salivarius 27098_8_152
Streptococcus_26334,96.602,Streptococcus salivarius 27098_8_153
Streptococcus_26334,96.602,Streptococcus n.sp. 27098_8_74
Streptococcus_26334,99.029,Streptococcus n.sp. 20925_1_22
Streptococcus_26334,99.029,Streptococcus n.sp. 27098_8_134
Streptococcus_26334,99.029,Streptococcus sanguinis 27098_8_181
Streptococcus_26334,99.029,Streptococcus n.sp. 27098_8_82
Streptococcus_26336,97.573,Streptococcus chosunense 27098_8_53
Streptococcus_26336,97.573,Streptococcus n.sp. 27098_8_86
Streptococcus_26336,96.602,Streptococcus constellatus 20925_1_21
Streptococcus_26336,99.515,Streptococcus n.sp. 27098_8_113
Streptococcus_26336,99.515,Streptococcus n.sp. 27098_8_73
Streptococcus_26336,99.029,Streptococcus gordonii 27098_8_101
Streptococcus_26336,99.029,Streptococcus n.sp. 27098_8_75
Streptococcus_26336,97.573,Streptococcus n.sp. 20925_1_44
Streptococcus_26336,97.573,Streptococcus n.sp. 27098_8_22
Streptococcus_26336,97.573,Streptococcus n.sp. 27098_8_69
Streptococcus_26336,97.573,Streptococcus n.sp. 27098_8_91
Streptococcus_26336,97.573,Streptococcus n.sp. 20925_1_69
Streptococcus_26336,97.573,Streptococcus n.sp. 27098_8_103
Streptococcus_26336,97.573,Streptococcus n.sp. 27098_8_109
Streptococcus_26336,97.573,Streptococcus n.sp. 27098_8_76
Streptococcus_26336,97.573,Streptococcus mitis 27098_8_87
Streptococcus_26336,97.087,Streptococcus n.sp. 27098_8_23
Streptococcus_26336,97.573,Streptococcus n.sp. 27098_8_51
Streptococcus_26336,97.573,Streptococcus n.sp. 27098_8_70
Streptococcus_26336,99.515,Streptococcus parasanguinis 20925_1_10
Streptococcus_26336,99.515,Streptococcus n.sp. 20925_1_77
Streptococcus_26336,99.515,Streptococcus n.sp. 27098_8_12
Streptococcus_26336,99.515,Streptococcus parasanguinis 20925_1_143
Streptococcus_26336,99.515,Streptococcus n.sp. 27098_8_148
Streptococcus_26336,99.515,Streptococcus parasanguinis 27098_8_150
Streptococcus_26336,99.515,Streptococcus n.sp. 27098_8_177
Streptococcus_26336,99.515,Streptococcus n.sp. 27098_8_186
Streptococcus_26336,99.515,Streptococcus parasanguinis 27098_8_46
Streptococcus_26336,99.515,Streptococcus parasanguinis 27098_8_54
Streptococcus_26336,99.515,Streptococcus n.sp. 27098_8_66
Streptococcus_26336,99.515,Streptococcus n.sp. 27098_8_98
Streptococcus_26336,99.515,Streptococcus n.sp. 27098_8_99
Streptococcus_26336,96.117,Streptococcus anginosus 27098_8_173
Streptococcus_26336,97.573,Streptococcus pseudopneumoniae 20925_1_26
Streptococcus_26336,96.602,Streptococcus salivarius 20925_1_11
Streptococcus_26336,96.602,Streptococcus salivarius 20925_1_13
Streptococcus_26336,96.602,Streptococcus salivarius 27098_8_110
Streptococcus_26336,96.602,Streptococcus salivarius 27098_8_117
Streptococcus_26336,96.602,Streptococcus salivarius 27098_8_119
Streptococcus_26336,96.602,Streptococcus salivarius 27098_8_152
Streptococcus_26336,96.602,Streptococcus salivarius 27098_8_153
Streptococcus_26336,96.602,Streptococcus n.sp. 27098_8_74
Streptococcus_26336,99.029,Streptococcus n.sp. 20925_1_22
Streptococcus_26336,99.029,Streptococcus n.sp. 27098_8_134
Streptococcus_26336,99.029,Streptococcus sanguinis 27098_8_181
Streptococcus_26336,99.029,Streptococcus n.sp. 27098_8_82
Streptococcus_26339,98.058,Streptococcus chosunense 27098_8_53
Streptococcus_26339,98.058,Streptococcus n.sp. 27098_8_86
Streptococcus_26339,97.087,Streptococcus constellatus 20925_1_21
Streptococcus_26339,100,Streptococcus n.sp. 27098_8_113
Streptococcus_26339,100,Streptococcus n.sp. 27098_8_73
Streptococcus_26339,99.515,Streptococcus gordonii 27098_8_101
Streptococcus_26339,99.515,Streptococcus n.sp. 27098_8_75
Streptococcus_26339,98.058,Streptococcus n.sp. 20925_1_44
Streptococcus_26339,98.058,Streptococcus n.sp. 27098_8_22
Streptococcus_26339,98.058,Streptococcus n.sp. 27098_8_69
Streptococcus_26339,98.058,Streptococcus n.sp. 27098_8_91
Streptococcus_26339,98.058,Streptococcus n.sp. 20925_1_69
Streptococcus_26339,98.058,Streptococcus n.sp. 27098_8_103
Streptococcus_26339,98.058,Streptococcus n.sp. 27098_8_109
Streptococcus_26339,98.058,Streptococcus n.sp. 27098_8_76
Streptococcus_26339,98.058,Streptococcus mitis 27098_8_87
Streptococcus_26339,97.573,Streptococcus n.sp. 27098_8_23
Streptococcus_26339,98.058,Streptococcus n.sp. 27098_8_51
Streptococcus_26339,98.058,Streptococcus n.sp. 27098_8_70
Streptococcus_26339,100,Streptococcus parasanguinis 20925_1_10
Streptococcus_26339,100,Streptococcus n.sp. 20925_1_77
Streptococcus_26339,100,Streptococcus n.sp. 27098_8_12
Streptococcus_26339,100,Streptococcus parasanguinis 20925_1_143
Streptococcus_26339,100,Streptococcus n.sp. 27098_8_148
Streptococcus_26339,100,Streptococcus parasanguinis 27098_8_150
Streptococcus_26339,100,Streptococcus n.sp. 27098_8_177
Streptococcus_26339,100,Streptococcus n.sp. 27098_8_186
Streptococcus_26339,100,Streptococcus parasanguinis 27098_8_46
Streptococcus_26339,100,Streptococcus parasanguinis 27098_8_54
Streptococcus_26339,100,Streptococcus n.sp. 27098_8_66
Streptococcus_26339,100,Streptococcus n.sp. 27098_8_98
Streptococcus_26339,100,Streptococcus n.sp. 27098_8_99
Streptococcus_26339,96.602,Streptococcus anginosus 27098_8_173
Streptococcus_26339,98.058,Streptococcus pseudopneumoniae 20925_1_26
Streptococcus_26339,97.087,Streptococcus salivarius 20925_1_11
Streptococcus_26339,97.087,Streptococcus salivarius 20925_1_13
Streptococcus_26339,97.087,Streptococcus salivarius 27098_8_110
Streptococcus_26339,97.087,Streptococcus salivarius 27098_8_117
Streptococcus_26339,97.087,Streptococcus salivarius 27098_8_119
Streptococcus_26339,97.087,Streptococcus salivarius 27098_8_152
Streptococcus_26339,97.087,Streptococcus salivarius 27098_8_153
Streptococcus_26339,97.087,Streptococcus n.sp. 27098_8_74
Streptococcus_26339,99.515,Streptococcus n.sp. 20925_1_22
Streptococcus_26339,99.515,Streptococcus n.sp. 27098_8_134
Streptococcus_26339,99.515,Streptococcus sanguinis 27098_8_181
Streptococcus_26339,99.515,Streptococcus n.sp. 27098_8_82
Streptococcus_26340,97.573,Streptococcus chosunense 27098_8_53
Streptococcus_26340,97.573,Streptococcus n.sp. 27098_8_86
Streptococcus_26340,97.087,Streptococcus constellatus 20925_1_21
Streptococcus_26340,99.515,Streptococcus n.sp. 27098_8_113
Streptococcus_26340,99.515,Streptococcus n.sp. 27098_8_73
Streptococcus_26340,99.029,Streptococcus gordonii 27098_8_101
Streptococcus_26340,99.029,Streptococcus n.sp. 27098_8_75
Streptococcus_26340,97.573,Streptococcus n.sp. 20925_1_44
Streptococcus_26340,97.573,Streptococcus n.sp. 27098_8_22
Streptococcus_26340,97.573,Streptococcus n.sp. 27098_8_69
Streptococcus_26340,97.573,Streptococcus n.sp. 27098_8_91
Streptococcus_26340,97.573,Streptococcus n.sp. 20925_1_69
Streptococcus_26340,97.573,Streptococcus n.sp. 27098_8_103
Streptococcus_26340,97.573,Streptococcus n.sp. 27098_8_109
Streptococcus_26340,97.573,Streptococcus n.sp. 27098_8_76
Streptococcus_26340,97.573,Streptococcus mitis 27098_8_87
Streptococcus_26340,97.087,Streptococcus n.sp. 27098_8_23
Streptococcus_26340,97.573,Streptococcus n.sp. 27098_8_51
Streptococcus_26340,97.573,Streptococcus n.sp. 27098_8_70
Streptococcus_26340,99.515,Streptococcus parasanguinis 20925_1_10
Streptococcus_26340,99.515,Streptococcus n.sp. 20925_1_77
Streptococcus_26340,99.515,Streptococcus n.sp. 27098_8_12
Streptococcus_26340,99.515,Streptococcus parasanguinis 20925_1_143
Streptococcus_26340,99.515,Streptococcus n.sp. 27098_8_148
Streptococcus_26340,99.515,Streptococcus parasanguinis 27098_8_150
Streptococcus_26340,99.515,Streptococcus n.sp. 27098_8_177
Streptococcus_26340,99.515,Streptococcus n.sp. 27098_8_186
Streptococcus_26340,99.515,Streptococcus parasanguinis 27098_8_46
Streptococcus_26340,99.515,Streptococcus parasanguinis 27098_8_54
Streptococcus_26340,99.515,Streptococcus n.sp. 27098_8_66
Streptococcus_26340,99.515,Streptococcus n.sp. 27098_8_98
Streptococcus_26340,99.515,Streptococcus n.sp. 27098_8_99
Streptococcus_26340,96.602,Streptococcus anginosus 27098_8_173
Streptococcus_26340,97.573,Streptococcus pseudopneumoniae 20925_1_26
Streptococcus_26340,96.602,Streptococcus salivarius 20925_1_11
Streptococcus_26340,96.602,Streptococcus salivarius 20925_1_13
Streptococcus_26340,96.602,Streptococcus salivarius 27098_8_110
Streptococcus_26340,96.602,Streptococcus salivarius 27098_8_117
Streptococcus_26340,96.602,Streptococcus salivarius 27098_8_119
Streptococcus_26340,96.602,Streptococcus salivarius 27098_8_152
Streptococcus_26340,96.602,Streptococcus salivarius 27098_8_153
Streptococcus_26340,96.602,Streptococcus n.sp. 27098_8_74
Streptococcus_26340,100,Streptococcus n.sp. 20925_1_22
Streptococcus_26340,100,Streptococcus n.sp. 27098_8_134
Streptococcus_26340,100,Streptococcus sanguinis 27098_8_181
Streptococcus_26340,100,Streptococcus n.sp. 27098_8_82
Streptococcus_26341,97.573,Streptococcus chosunense 27098_8_53
Streptococcus_26341,97.573,Streptococcus n.sp. 27098_8_86
Streptococcus_26341,96.602,Streptococcus constellatus 20925_1_21
Streptococcus_26341,99.515,Streptococcus n.sp. 27098_8_113
Streptococcus_26341,99.515,Streptococcus n.sp. 27098_8_73
Streptococcus_26341,99.029,Streptococcus gordonii 27098_8_101
Streptococcus_26341,99.029,Streptococcus n.sp. 27098_8_75
Streptococcus_26341,97.573,Streptococcus n.sp. 20925_1_44
Streptococcus_26341,97.573,Streptococcus n.sp. 27098_8_22
Streptococcus_26341,97.573,Streptococcus n.sp. 27098_8_69
Streptococcus_26341,97.573,Streptococcus n.sp. 27098_8_91
Streptococcus_26341,97.573,Streptococcus n.sp. 20925_1_69
Streptococcus_26341,97.573,Streptococcus n.sp. 27098_8_103
Streptococcus_26341,97.573,Streptococcus n.sp. 27098_8_109
Streptococcus_26341,97.573,Streptococcus n.sp. 27098_8_76
Streptococcus_26341,97.573,Streptococcus mitis 27098_8_87
Streptococcus_26341,97.087,Streptococcus n.sp. 27098_8_23
Streptococcus_26341,97.573,Streptococcus n.sp. 27098_8_51
Streptococcus_26341,97.573,Streptococcus n.sp. 27098_8_70
Streptococcus_26341,99.515,Streptococcus parasanguinis 20925_1_10
Streptococcus_26341,99.515,Streptococcus n.sp. 20925_1_77
Streptococcus_26341,99.515,Streptococcus n.sp. 27098_8_12
Streptococcus_26341,99.515,Streptococcus parasanguinis 20925_1_143
Streptococcus_26341,99.515,Streptococcus n.sp. 27098_8_148
Streptococcus_26341,99.515,Streptococcus parasanguinis 27098_8_150
Streptococcus_26341,99.515,Streptococcus n.sp. 27098_8_177
Streptococcus_26341,99.515,Streptococcus n.sp. 27098_8_186
Streptococcus_26341,99.515,Streptococcus parasanguinis 27098_8_46
Streptococcus_26341,99.515,Streptococcus parasanguinis 27098_8_54
Streptococcus_26341,99.515,Streptococcus n.sp. 27098_8_66
Streptococcus_26341,99.515,Streptococcus n.sp. 27098_8_98
Streptococcus_26341,99.515,Streptococcus n.sp. 27098_8_99
Streptococcus_26341,96.117,Streptococcus anginosus 27098_8_173
Streptococcus_26341,97.573,Streptococcus pseudopneumoniae 20925_1_26
Streptococcus_26341,96.602,Streptococcus salivarius 20925_1_11
Streptococcus_26341,96.602,Streptococcus salivarius 20925_1_13
Streptococcus_26341,96.602,Streptococcus salivarius 27098_8_110
Streptococcus_26341,96.602,Streptococcus salivarius 27098_8_117
Streptococcus_26341,96.602,Streptococcus salivarius 27098_8_119
Streptococcus_26341,96.602,Streptococcus salivarius 27098_8_152
Streptococcus_26341,96.602,Streptococcus salivarius 27098_8_153
Streptococcus_26341,96.602,Streptococcus n.sp. 27098_8_74
Streptococcus_26341,99.029,Streptococcus n.sp. 20925_1_22
Streptococcus_26341,99.029,Streptococcus n.sp. 27098_8_134
Streptococcus_26341,99.029,Streptococcus sanguinis 27098_8_181
Streptococcus_26341,99.029,Streptococcus n.sp. 27098_8_82
Streptococcus_26343,97.573,Streptococcus chosunense 27098_8_53
Streptococcus_26343,97.573,Streptococcus n.sp. 27098_8_86
Streptococcus_26343,96.602,Streptococcus constellatus 20925_1_21
Streptococcus_26343,99.515,Streptococcus n.sp. 27098_8_113
Streptococcus_26343,99.515,Streptococcus n.sp. 27098_8_73
Streptococcus_26343,99.029,Streptococcus gordonii 27098_8_101
Streptococcus_26343,99.029,Streptococcus n.sp. 27098_8_75
Streptococcus_26343,97.573,Streptococcus n.sp. 20925_1_44
Streptococcus_26343,97.573,Streptococcus n.sp. 27098_8_22
Streptococcus_26343,97.573,Streptococcus n.sp. 27098_8_69
Streptococcus_26343,97.573,Streptococcus n.sp. 27098_8_91
Streptococcus_26343,97.573,Streptococcus n.sp. 20925_1_69
Streptococcus_26343,97.573,Streptococcus n.sp. 27098_8_103
Streptococcus_26343,97.573,Streptococcus n.sp. 27098_8_109
Streptococcus_26343,97.573,Streptococcus n.sp. 27098_8_76
Streptococcus_26343,97.573,Streptococcus mitis 27098_8_87
Streptococcus_26343,97.087,Streptococcus n.sp. 27098_8_23
Streptococcus_26343,97.573,Streptococcus n.sp. 27098_8_51
Streptococcus_26343,97.573,Streptococcus n.sp. 27098_8_70
Streptococcus_26343,99.515,Streptococcus parasanguinis 20925_1_10
Streptococcus_26343,99.515,Streptococcus n.sp. 20925_1_77
Streptococcus_26343,99.515,Streptococcus n.sp. 27098_8_12
Streptococcus_26343,99.515,Streptococcus parasanguinis 20925_1_143
Streptococcus_26343,99.515,Streptococcus n.sp. 27098_8_148
Streptococcus_26343,99.515,Streptococcus parasanguinis 27098_8_150
Streptococcus_26343,99.515,Streptococcus n.sp. 27098_8_177
Streptococcus_26343,99.515,Streptococcus n.sp. 27098_8_186
Streptococcus_26343,99.515,Streptococcus parasanguinis 27098_8_46
Streptococcus_26343,99.515,Streptococcus parasanguinis 27098_8_54
Streptococcus_26343,99.515,Streptococcus n.sp. 27098_8_66
Streptococcus_26343,99.515,Streptococcus n.sp. 27098_8_98
Streptococcus_26343,99.515,Streptococcus n.sp. 27098_8_99
Streptococcus_26343,96.117,Streptococcus anginosus 27098_8_173
Streptococcus_26343,97.573,Streptococcus pseudopneumoniae 20925_1_26
Streptococcus_26343,96.602,Streptococcus salivarius 20925_1_11
Streptococcus_26343,96.602,Streptococcus salivarius 20925_1_13
Streptococcus_26343,96.602,Streptococcus salivarius 27098_8_110
Streptococcus_26343,96.602,Streptococcus salivarius 27098_8_117
Streptococcus_26343,96.602,Streptococcus salivarius 27098_8_119
Streptococcus_26343,96.602,Streptococcus salivarius 27098_8_152
Streptococcus_26343,96.602,Streptococcus salivarius 27098_8_153
Streptococcus_26343,96.602,Streptococcus n.sp. 27098_8_74
Streptococcus_26343,99.029,Streptococcus n.sp. 20925_1_22
Streptococcus_26343,99.029,Streptococcus n.sp. 27098_8_134
Streptococcus_26343,99.029,Streptococcus sanguinis 27098_8_181
Streptococcus_26343,99.029,Streptococcus n.sp. 27098_8_82
Streptococcus_26344,97.573,Streptococcus chosunense 27098_8_53
Streptococcus_26344,97.573,Streptococcus n.sp. 27098_8_86
Streptococcus_26344,96.602,Streptococcus constellatus 20925_1_21
Streptococcus_26344,99.515,Streptococcus n.sp. 27098_8_113
Streptococcus_26344,99.515,Streptococcus n.sp. 27098_8_73
Streptococcus_26344,99.029,Streptococcus gordonii 27098_8_101
Streptococcus_26344,99.029,Streptococcus n.sp. 27098_8_75
Streptococcus_26344,97.573,Streptococcus n.sp. 20925_1_44
Streptococcus_26344,97.573,Streptococcus n.sp. 27098_8_22
Streptococcus_26344,97.573,Streptococcus n.sp. 27098_8_69
Streptococcus_26344,97.573,Streptococcus n.sp. 27098_8_91
Streptococcus_26344,97.573,Streptococcus n.sp. 20925_1_69
Streptococcus_26344,97.573,Streptococcus n.sp. 27098_8_103
Streptococcus_26344,97.573,Streptococcus n.sp. 27098_8_109
Streptococcus_26344,97.573,Streptococcus n.sp. 27098_8_76
Streptococcus_26344,97.573,Streptococcus mitis 27098_8_87
Streptococcus_26344,97.087,Streptococcus n.sp. 27098_8_23
Streptococcus_26344,97.573,Streptococcus n.sp. 27098_8_51
Streptococcus_26344,97.573,Streptococcus n.sp. 27098_8_70
Streptococcus_26344,99.515,Streptococcus parasanguinis 20925_1_10
Streptococcus_26344,99.515,Streptococcus n.sp. 20925_1_77
Streptococcus_26344,99.515,Streptococcus n.sp. 27098_8_12
Streptococcus_26344,99.515,Streptococcus parasanguinis 20925_1_143
Streptococcus_26344,99.515,Streptococcus n.sp. 27098_8_148
Streptococcus_26344,99.515,Streptococcus parasanguinis 27098_8_150
Streptococcus_26344,99.515,Streptococcus n.sp. 27098_8_177
Streptococcus_26344,99.515,Streptococcus n.sp. 27098_8_186
Streptococcus_26344,99.515,Streptococcus parasanguinis 27098_8_46
Streptococcus_26344,99.515,Streptococcus parasanguinis 27098_8_54
Streptococcus_26344,99.515,Streptococcus n.sp. 27098_8_66
Streptococcus_26344,99.515,Streptococcus n.sp. 27098_8_98
Streptococcus_26344,99.515,Streptococcus n.sp. 27098_8_99
Streptococcus_26344,96.117,Streptococcus anginosus 27098_8_173
Streptococcus_26344,97.573,Streptococcus pseudopneumoniae 20925_1_26
Streptococcus_26344,96.602,Streptococcus salivarius 20925_1_11
Streptococcus_26344,96.602,Streptococcus salivarius 20925_1_13
Streptococcus_26344,96.602,Streptococcus salivarius 27098_8_110
Streptococcus_26344,96.602,Streptococcus salivarius 27098_8_117
Streptococcus_26344,96.602,Streptococcus salivarius 27098_8_119
Streptococcus_26344,96.602,Streptococcus salivarius 27098_8_152
Streptococcus_26344,96.602,Streptococcus salivarius 27098_8_153
Streptococcus_26344,96.602,Streptococcus n.sp. 27098_8_74
Streptococcus_26344,99.029,Streptococcus n.sp. 20925_1_22
Streptococcus_26344,99.029,Streptococcus n.sp. 27098_8_134
Streptococcus_26344,99.029,Streptococcus sanguinis 27098_8_181
Streptococcus_26344,99.029,Streptococcus n.sp. 27098_8_82
Streptococcus_26348,97.573,Streptococcus chosunense 27098_8_53
Streptococcus_26348,97.573,Streptococcus n.sp. 27098_8_86
Streptococcus_26348,96.602,Streptococcus constellatus 20925_1_21
Streptococcus_26348,99.515,Streptococcus n.sp. 27098_8_113
Streptococcus_26348,99.515,Streptococcus n.sp. 27098_8_73
Streptococcus_26348,99.029,Streptococcus gordonii 27098_8_101
Streptococcus_26348,99.029,Streptococcus n.sp. 27098_8_75
Streptococcus_26348,97.573,Streptococcus n.sp. 20925_1_44
Streptococcus_26348,97.573,Streptococcus n.sp. 27098_8_22
Streptococcus_26348,97.573,Streptococcus n.sp. 27098_8_69
Streptococcus_26348,97.573,Streptococcus n.sp. 27098_8_91
Streptococcus_26348,97.573,Streptococcus n.sp. 20925_1_69
Streptococcus_26348,97.573,Streptococcus n.sp. 27098_8_103
Streptococcus_26348,97.573,Streptococcus n.sp. 27098_8_109
Streptococcus_26348,97.573,Streptococcus n.sp. 27098_8_76
Streptococcus_26348,97.573,Streptococcus mitis 27098_8_87
Streptococcus_26348,97.087,Streptococcus n.sp. 27098_8_23
Streptococcus_26348,97.573,Streptococcus n.sp. 27098_8_51
Streptococcus_26348,97.573,Streptococcus n.sp. 27098_8_70
Streptococcus_26348,99.515,Streptococcus parasanguinis 20925_1_10
Streptococcus_26348,99.515,Streptococcus n.sp. 20925_1_77
Streptococcus_26348,99.515,Streptococcus n.sp. 27098_8_12
Streptococcus_26348,99.515,Streptococcus parasanguinis 20925_1_143
Streptococcus_26348,99.515,Streptococcus n.sp. 27098_8_148
Streptococcus_26348,99.515,Streptococcus parasanguinis 27098_8_150
Streptococcus_26348,99.515,Streptococcus n.sp. 27098_8_177
Streptococcus_26348,99.515,Streptococcus n.sp. 27098_8_186
Streptococcus_26348,99.515,Streptococcus parasanguinis 27098_8_46
Streptococcus_26348,99.515,Streptococcus parasanguinis 27098_8_54
Streptococcus_26348,99.515,Streptococcus n.sp. 27098_8_66
Streptococcus_26348,99.515,Streptococcus n.sp. 27098_8_98
Streptococcus_26348,99.515,Streptococcus n.sp. 27098_8_99
Streptococcus_26348,96.117,Streptococcus anginosus 27098_8_173
Streptococcus_26348,97.573,Streptococcus pseudopneumoniae 20925_1_26
Streptococcus_26348,96.602,Streptococcus salivarius 20925_1_11
Streptococcus_26348,96.602,Streptococcus salivarius 20925_1_13
Streptococcus_26348,96.602,Streptococcus salivarius 27098_8_110
Streptococcus_26348,96.602,Streptococcus salivarius 27098_8_117
Streptococcus_26348,96.602,Streptococcus salivarius 27098_8_119
Streptococcus_26348,96.602,Streptococcus salivarius 27098_8_152
Streptococcus_26348,96.602,Streptococcus salivarius 27098_8_153
Streptococcus_26348,96.602,Streptococcus n.sp. 27098_8_74
Streptococcus_26348,99.029,Streptococcus n.sp. 20925_1_22
Streptococcus_26348,99.029,Streptococcus n.sp. 27098_8_134
Streptococcus_26348,99.029,Streptococcus sanguinis 27098_8_181
Streptococcus_26348,99.029,Streptococcus n.sp. 27098_8_82
Streptococcus_26354,97.573,Streptococcus chosunense 27098_8_53
Streptococcus_26354,97.573,Streptococcus n.sp. 27098_8_86
Streptococcus_26354,96.602,Streptococcus constellatus 20925_1_21
Streptococcus_26354,99.515,Streptococcus n.sp. 27098_8_113
Streptococcus_26354,99.515,Streptococcus n.sp. 27098_8_73
Streptococcus_26354,99.029,Streptococcus gordonii 27098_8_101
Streptococcus_26354,99.029,Streptococcus n.sp. 27098_8_75
Streptococcus_26354,97.573,Streptococcus n.sp. 20925_1_44
Streptococcus_26354,97.573,Streptococcus n.sp. 27098_8_22
Streptococcus_26354,97.573,Streptococcus n.sp. 27098_8_69
Streptococcus_26354,97.573,Streptococcus n.sp. 27098_8_91
Streptococcus_26354,97.573,Streptococcus n.sp. 20925_1_69
Streptococcus_26354,97.573,Streptococcus n.sp. 27098_8_103
Streptococcus_26354,97.573,Streptococcus n.sp. 27098_8_109
Streptococcus_26354,97.573,Streptococcus n.sp. 27098_8_76
Streptococcus_26354,97.573,Streptococcus mitis 27098_8_87
Streptococcus_26354,97.087,Streptococcus n.sp. 27098_8_23
Streptococcus_26354,97.573,Streptococcus n.sp. 27098_8_51
Streptococcus_26354,97.573,Streptococcus n.sp. 27098_8_70
Streptococcus_26354,99.515,Streptococcus parasanguinis 20925_1_10
Streptococcus_26354,99.515,Streptococcus n.sp. 20925_1_77
Streptococcus_26354,99.515,Streptococcus n.sp. 27098_8_12
Streptococcus_26354,99.515,Streptococcus parasanguinis 20925_1_143
Streptococcus_26354,99.515,Streptococcus n.sp. 27098_8_148
Streptococcus_26354,99.515,Streptococcus parasanguinis 27098_8_150
Streptococcus_26354,99.515,Streptococcus n.sp. 27098_8_177
Streptococcus_26354,99.515,Streptococcus n.sp. 27098_8_186
Streptococcus_26354,99.515,Streptococcus parasanguinis 27098_8_46
Streptococcus_26354,99.515,Streptococcus parasanguinis 27098_8_54
Streptococcus_26354,99.515,Streptococcus n.sp. 27098_8_66
Streptococcus_26354,99.515,Streptococcus n.sp. 27098_8_98
Streptococcus_26354,99.515,Streptococcus n.sp. 27098_8_99
Streptococcus_26354,96.117,Streptococcus anginosus 27098_8_173
Streptococcus_26354,97.573,Streptococcus pseudopneumoniae 20925_1_26
Streptococcus_26354,96.602,Streptococcus salivarius 20925_1_11
Streptococcus_26354,96.602,Streptococcus salivarius 20925_1_13
Streptococcus_26354,96.602,Streptococcus salivarius 27098_8_110
Streptococcus_26354,96.602,Streptococcus salivarius 27098_8_117
Streptococcus_26354,96.602,Streptococcus salivarius 27098_8_119
Streptococcus_26354,96.602,Streptococcus salivarius 27098_8_152
Streptococcus_26354,96.602,Streptococcus salivarius 27098_8_153
Streptococcus_26354,96.602,Streptococcus n.sp. 27098_8_74
Streptococcus_26354,99.029,Streptococcus n.sp. 20925_1_22
Streptococcus_26354,99.029,Streptococcus n.sp. 27098_8_134
Streptococcus_26354,99.029,Streptococcus sanguinis 27098_8_181
Streptococcus_26354,99.029,Streptococcus n.sp. 27098_8_82
Streptococcus_26355,97.087,Streptococcus chosunense 27098_8_53
Streptococcus_26355,97.087,Streptococcus n.sp. 27098_8_86
Streptococcus_26355,96.602,Streptococcus constellatus 20925_1_21
Streptococcus_26355,99.029,Streptococcus n.sp. 27098_8_113
Streptococcus_26355,99.029,Streptococcus n.sp. 27098_8_73
Streptococcus_26355,98.544,Streptococcus gordonii 27098_8_101
Streptococcus_26355,98.544,Streptococcus n.sp. 27098_8_75
Streptococcus_26355,97.087,Streptococcus n.sp. 20925_1_44
Streptococcus_26355,97.087,Streptococcus n.sp. 27098_8_22
Streptococcus_26355,97.087,Streptococcus n.sp. 27098_8_69
Streptococcus_26355,97.087,Streptococcus n.sp. 27098_8_91
Streptococcus_26355,97.087,Streptococcus n.sp. 20925_1_69
Streptococcus_26355,97.087,Streptococcus n.sp. 27098_8_103
Streptococcus_26355,97.087,Streptococcus n.sp. 27098_8_109
Streptococcus_26355,97.087,Streptococcus n.sp. 27098_8_76
Streptococcus_26355,97.087,Streptococcus mitis 27098_8_87
Streptococcus_26355,96.602,Streptococcus n.sp. 27098_8_23
Streptococcus_26355,97.087,Streptococcus n.sp. 27098_8_51
Streptococcus_26355,97.087,Streptococcus n.sp. 27098_8_70
Streptococcus_26355,99.029,Streptococcus parasanguinis 20925_1_10
Streptococcus_26355,99.029,Streptococcus n.sp. 20925_1_77
Streptococcus_26355,99.029,Streptococcus n.sp. 27098_8_12
Streptococcus_26355,99.029,Streptococcus parasanguinis 20925_1_143
Streptococcus_26355,99.029,Streptococcus n.sp. 27098_8_148
Streptococcus_26355,99.029,Streptococcus parasanguinis 27098_8_150
Streptococcus_26355,99.029,Streptococcus n.sp. 27098_8_177
Streptococcus_26355,99.029,Streptococcus n.sp. 27098_8_186
Streptococcus_26355,99.029,Streptococcus parasanguinis 27098_8_46
Streptococcus_26355,99.029,Streptococcus parasanguinis 27098_8_54
Streptococcus_26355,99.029,Streptococcus n.sp. 27098_8_66
Streptococcus_26355,99.029,Streptococcus n.sp. 27098_8_98
Streptococcus_26355,99.029,Streptococcus n.sp. 27098_8_99
Streptococcus_26355,96.117,Streptococcus anginosus 27098_8_173
Streptococcus_26355,97.087,Streptococcus pseudopneumoniae 20925_1_26
Streptococcus_26355,96.117,Streptococcus salivarius 20925_1_11
Streptococcus_26355,96.117,Streptococcus salivarius 20925_1_13
Streptococcus_26355,96.117,Streptococcus salivarius 27098_8_110
Streptococcus_26355,96.117,Streptococcus salivarius 27098_8_117
Streptococcus_26355,96.117,Streptococcus salivarius 27098_8_119
Streptococcus_26355,96.117,Streptococcus salivarius 27098_8_152
Streptococcus_26355,96.117,Streptococcus salivarius 27098_8_153
Streptococcus_26355,96.117,Streptococcus n.sp. 27098_8_74
Streptococcus_26355,99.515,Streptococcus n.sp. 20925_1_22
Streptococcus_26355,99.515,Streptococcus n.sp. 27098_8_134
Streptococcus_26355,99.515,Streptococcus sanguinis 27098_8_181
Streptococcus_26355,99.515,Streptococcus n.sp. 27098_8_82
Streptococcus_26356,97.573,Streptococcus chosunense 27098_8_53
Streptococcus_26356,97.573,Streptococcus n.sp. 27098_8_86
Streptococcus_26356,96.602,Streptococcus constellatus 20925_1_21
Streptococcus_26356,99.515,Streptococcus n.sp. 27098_8_113
Streptococcus_26356,99.515,Streptococcus n.sp. 27098_8_73
Streptococcus_26356,99.029,Streptococcus gordonii 27098_8_101
Streptococcus_26356,99.029,Streptococcus n.sp. 27098_8_75
Streptococcus_26356,97.573,Streptococcus n.sp. 20925_1_44
Streptococcus_26356,97.573,Streptococcus n.sp. 27098_8_22
Streptococcus_26356,97.573,Streptococcus n.sp. 27098_8_69
Streptococcus_26356,97.573,Streptococcus n.sp. 27098_8_91
Streptococcus_26356,97.573,Streptococcus n.sp. 20925_1_69
Streptococcus_26356,97.573,Streptococcus n.sp. 27098_8_103
Streptococcus_26356,97.573,Streptococcus n.sp. 27098_8_109
Streptococcus_26356,97.573,Streptococcus n.sp. 27098_8_76
Streptococcus_26356,97.573,Streptococcus mitis 27098_8_87
Streptococcus_26356,97.087,Streptococcus n.sp. 27098_8_23
Streptococcus_26356,97.573,Streptococcus n.sp. 27098_8_51
Streptococcus_26356,97.573,Streptococcus n.sp. 27098_8_70
Streptococcus_26356,99.515,Streptococcus parasanguinis 20925_1_10
Streptococcus_26356,99.515,Streptococcus n.sp. 20925_1_77
Streptococcus_26356,99.515,Streptococcus n.sp. 27098_8_12
Streptococcus_26356,99.515,Streptococcus parasanguinis 20925_1_143
Streptococcus_26356,99.515,Streptococcus n.sp. 27098_8_148
Streptococcus_26356,99.515,Streptococcus parasanguinis 27098_8_150
Streptococcus_26356,99.515,Streptococcus n.sp. 27098_8_177
Streptococcus_26356,99.515,Streptococcus n.sp. 27098_8_186
Streptococcus_26356,99.515,Streptococcus parasanguinis 27098_8_46
Streptococcus_26356,99.515,Streptococcus parasanguinis 27098_8_54
Streptococcus_26356,99.515,Streptococcus n.sp. 27098_8_66
Streptococcus_26356,99.515,Streptococcus n.sp. 27098_8_98
Streptococcus_26356,99.515,Streptococcus n.sp. 27098_8_99
Streptococcus_26356,96.117,Streptococcus anginosus 27098_8_173
Streptococcus_26356,97.573,Streptococcus pseudopneumoniae 20925_1_26
Streptococcus_26356,96.602,Streptococcus salivarius 20925_1_11
Streptococcus_26356,96.602,Streptococcus salivarius 20925_1_13
Streptococcus_26356,96.602,Streptococcus salivarius 27098_8_110
Streptococcus_26356,96.602,Streptococcus salivarius 27098_8_117
Streptococcus_26356,96.602,Streptococcus salivarius 27098_8_119
Streptococcus_26356,96.602,Streptococcus salivarius 27098_8_152
Streptococcus_26356,96.602,Streptococcus salivarius 27098_8_153
Streptococcus_26356,96.602,Streptococcus n.sp. 27098_8_74
Streptococcus_26356,99.029,Streptococcus n.sp. 20925_1_22
Streptococcus_26356,99.029,Streptococcus n.sp. 27098_8_134
Streptococcus_26356,99.029,Streptococcus sanguinis 27098_8_181
Streptococcus_26356,99.029,Streptococcus n.sp. 27098_8_82
Streptococcus_26373,97.573,Streptococcus chosunense 27098_8_53
Streptococcus_26373,97.573,Streptococcus n.sp. 27098_8_86
Streptococcus_26373,96.602,Streptococcus constellatus 20925_1_21
Streptococcus_26373,99.515,Streptococcus n.sp. 27098_8_113
Streptococcus_26373,99.515,Streptococcus n.sp. 27098_8_73
Streptococcus_26373,99.029,Streptococcus gordonii 27098_8_101
Streptococcus_26373,99.029,Streptococcus n.sp. 27098_8_75
Streptococcus_26373,97.573,Streptococcus n.sp. 20925_1_44
Streptococcus_26373,97.573,Streptococcus n.sp. 27098_8_22
Streptococcus_26373,97.573,Streptococcus n.sp. 27098_8_69
Streptococcus_26373,97.573,Streptococcus n.sp. 27098_8_91
Streptococcus_26373,97.573,Streptococcus n.sp. 20925_1_69
Streptococcus_26373,97.573,Streptococcus n.sp. 27098_8_103
Streptococcus_26373,97.573,Streptococcus n.sp. 27098_8_109
Streptococcus_26373,97.573,Streptococcus n.sp. 27098_8_76
Streptococcus_26373,97.573,Streptococcus mitis 27098_8_87
Streptococcus_26373,97.087,Streptococcus n.sp. 27098_8_23
Streptococcus_26373,97.573,Streptococcus n.sp. 27098_8_51
Streptococcus_26373,97.573,Streptococcus n.sp. 27098_8_70
Streptococcus_26373,99.515,Streptococcus parasanguinis 20925_1_10
Streptococcus_26373,99.515,Streptococcus n.sp. 20925_1_77
Streptococcus_26373,99.515,Streptococcus n.sp. 27098_8_12
Streptococcus_26373,99.515,Streptococcus parasanguinis 20925_1_143
Streptococcus_26373,99.515,Streptococcus n.sp. 27098_8_148
Streptococcus_26373,99.515,Streptococcus parasanguinis 27098_8_150
Streptococcus_26373,99.515,Streptococcus n.sp. 27098_8_177
Streptococcus_26373,99.515,Streptococcus n.sp. 27098_8_186
Streptococcus_26373,99.515,Streptococcus parasanguinis 27098_8_46
Streptococcus_26373,99.515,Streptococcus parasanguinis 27098_8_54
Streptococcus_26373,99.515,Streptococcus n.sp. 27098_8_66
Streptococcus_26373,99.515,Streptococcus n.sp. 27098_8_98
Streptococcus_26373,99.515,Streptococcus n.sp. 27098_8_99
Streptococcus_26373,96.117,Streptococcus anginosus 27098_8_173
Streptococcus_26373,97.573,Streptococcus pseudopneumoniae 20925_1_26
Streptococcus_26373,96.602,Streptococcus salivarius 20925_1_11
Streptococcus_26373,96.602,Streptococcus salivarius 20925_1_13
Streptococcus_26373,96.602,Streptococcus salivarius 27098_8_110
Streptococcus_26373,96.602,Streptococcus salivarius 27098_8_117
Streptococcus_26373,96.602,Streptococcus salivarius 27098_8_119
Streptococcus_26373,96.602,Streptococcus salivarius 27098_8_152
Streptococcus_26373,96.602,Streptococcus salivarius 27098_8_153
Streptococcus_26373,96.602,Streptococcus n.sp. 27098_8_74
Streptococcus_26373,99.029,Streptococcus n.sp. 20925_1_22
Streptococcus_26373,99.029,Streptococcus n.sp. 27098_8_134
Streptococcus_26373,99.029,Streptococcus sanguinis 27098_8_181
Streptococcus_26373,99.029,Streptococcus n.sp. 27098_8_82
Streptococcus_26374,97.573,Streptococcus chosunense 27098_8_53
Streptococcus_26374,97.573,Streptococcus n.sp. 27098_8_86
Streptococcus_26374,96.602,Streptococcus constellatus 20925_1_21
Streptococcus_26374,99.515,Streptococcus n.sp. 27098_8_113
Streptococcus_26374,99.515,Streptococcus n.sp. 27098_8_73
Streptococcus_26374,99.029,Streptococcus gordonii 27098_8_101
Streptococcus_26374,99.029,Streptococcus n.sp. 27098_8_75
Streptococcus_26374,97.573,Streptococcus n.sp. 20925_1_44
Streptococcus_26374,97.573,Streptococcus n.sp. 27098_8_22
Streptococcus_26374,97.573,Streptococcus n.sp. 27098_8_69
Streptococcus_26374,97.573,Streptococcus n.sp. 27098_8_91
Streptococcus_26374,97.573,Streptococcus n.sp. 20925_1_69
Streptococcus_26374,97.573,Streptococcus n.sp. 27098_8_103
Streptococcus_26374,97.573,Streptococcus n.sp. 27098_8_109
Streptococcus_26374,97.573,Streptococcus n.sp. 27098_8_76
Streptococcus_26374,97.573,Streptococcus mitis 27098_8_87
Streptococcus_26374,97.087,Streptococcus n.sp. 27098_8_23
Streptococcus_26374,97.573,Streptococcus n.sp. 27098_8_51
Streptococcus_26374,97.573,Streptococcus n.sp. 27098_8_70
Streptococcus_26374,99.515,Streptococcus parasanguinis 20925_1_10
Streptococcus_26374,99.515,Streptococcus n.sp. 20925_1_77
Streptococcus_26374,99.515,Streptococcus n.sp. 27098_8_12
Streptococcus_26374,99.515,Streptococcus parasanguinis 20925_1_143
Streptococcus_26374,99.515,Streptococcus n.sp. 27098_8_148
Streptococcus_26374,99.515,Streptococcus parasanguinis 27098_8_150
Streptococcus_26374,99.515,Streptococcus n.sp. 27098_8_177
Streptococcus_26374,99.515,Streptococcus n.sp. 27098_8_186
Streptococcus_26374,99.515,Streptococcus parasanguinis 27098_8_46
Streptococcus_26374,99.515,Streptococcus parasanguinis 27098_8_54
Streptococcus_26374,99.515,Streptococcus n.sp. 27098_8_66
Streptococcus_26374,99.515,Streptococcus n.sp. 27098_8_98
Streptococcus_26374,99.515,Streptococcus n.sp. 27098_8_99
Streptococcus_26374,96.117,Streptococcus anginosus 27098_8_173
Streptococcus_26374,97.573,Streptococcus pseudopneumoniae 20925_1_26
Streptococcus_26374,96.602,Streptococcus salivarius 20925_1_11
Streptococcus_26374,96.602,Streptococcus salivarius 20925_1_13
Streptococcus_26374,96.602,Streptococcus salivarius 27098_8_110
Streptococcus_26374,96.602,Streptococcus salivarius 27098_8_117
Streptococcus_26374,96.602,Streptococcus salivarius 27098_8_119
Streptococcus_26374,96.602,Streptococcus salivarius 27098_8_152
Streptococcus_26374,96.602,Streptococcus salivarius 27098_8_153
Streptococcus_26374,96.602,Streptococcus n.sp. 27098_8_74
Streptococcus_26374,99.029,Streptococcus n.sp. 20925_1_22
Streptococcus_26374,99.029,Streptococcus n.sp. 27098_8_134
Streptococcus_26374,99.029,Streptococcus sanguinis 27098_8_181
Streptococcus_26374,99.029,Streptococcus n.sp. 27098_8_82
Streptococcus_26375,,no_isolate
Streptococcus_26401,97.087,Streptococcus chosunense 27098_8_53
Streptococcus_26401,97.087,Streptococcus n.sp. 27098_8_86
Streptococcus_26401,97.573,Streptococcus constellatus 20925_1_21
Streptococcus_26401,99.029,Streptococcus n.sp. 27098_8_113
Streptococcus_26401,99.029,Streptococcus n.sp. 27098_8_73
Streptococcus_26401,98.544,Streptococcus gordonii 27098_8_101
Streptococcus_26401,98.544,Streptococcus n.sp. 27098_8_75
Streptococcus_26401,97.087,Streptococcus n.sp. 20925_1_44
Streptococcus_26401,97.087,Streptococcus n.sp. 27098_8_22
Streptococcus_26401,97.087,Streptococcus n.sp. 27098_8_69
Streptococcus_26401,97.087,Streptococcus n.sp. 27098_8_91
Streptococcus_26401,97.087,Streptococcus n.sp. 20925_1_69
Streptococcus_26401,97.087,Streptococcus n.sp. 27098_8_103
Streptococcus_26401,97.087,Streptococcus n.sp. 27098_8_109
Streptococcus_26401,97.087,Streptococcus n.sp. 27098_8_76
Streptococcus_26401,97.087,Streptococcus mitis 27098_8_87
Streptococcus_26401,96.602,Streptococcus n.sp. 27098_8_23
Streptococcus_26401,97.087,Streptococcus n.sp. 27098_8_51
Streptococcus_26401,97.087,Streptococcus n.sp. 27098_8_70
Streptococcus_26401,99.029,Streptococcus parasanguinis 20925_1_10
Streptococcus_26401,99.029,Streptococcus n.sp. 20925_1_77
Streptococcus_26401,99.029,Streptococcus n.sp. 27098_8_12
Streptococcus_26401,99.029,Streptococcus parasanguinis 20925_1_143
Streptococcus_26401,99.029,Streptococcus n.sp. 27098_8_148
Streptococcus_26401,99.029,Streptococcus parasanguinis 27098_8_150
Streptococcus_26401,99.029,Streptococcus n.sp. 27098_8_177
Streptococcus_26401,99.029,Streptococcus n.sp. 27098_8_186
Streptococcus_26401,99.029,Streptococcus parasanguinis 27098_8_46
Streptococcus_26401,99.029,Streptococcus parasanguinis 27098_8_54
Streptococcus_26401,99.029,Streptococcus n.sp. 27098_8_66
Streptococcus_26401,99.029,Streptococcus n.sp. 27098_8_98
Streptococcus_26401,99.029,Streptococcus n.sp. 27098_8_99
Streptococcus_26401,97.087,Streptococcus anginosus 27098_8_173
Streptococcus_26401,97.087,Streptococcus pseudopneumoniae 20925_1_26
Streptococcus_26401,96.117,Streptococcus salivarius 20925_1_11
Streptococcus_26401,96.117,Streptococcus salivarius 20925_1_13
Streptococcus_26401,96.117,Streptococcus salivarius 27098_8_110
Streptococcus_26401,96.117,Streptococcus salivarius 27098_8_117
Streptococcus_26401,96.117,Streptococcus salivarius 27098_8_119
Streptococcus_26401,96.117,Streptococcus salivarius 27098_8_152
Streptococcus_26401,96.117,Streptococcus salivarius 27098_8_153
Streptococcus_26401,96.117,Streptococcus n.sp. 27098_8_74
Streptococcus_26401,99.515,Streptococcus n.sp. 20925_1_22
Streptococcus_26401,99.515,Streptococcus n.sp. 27098_8_134
Streptococcus_26401,99.515,Streptococcus sanguinis 27098_8_181
Streptococcus_26401,99.515,Streptococcus n.sp. 27098_8_82
Streptococcus_26406,97.087,Streptococcus chosunense 27098_8_53
Streptococcus_26406,97.087,Streptococcus n.sp. 27098_8_86
Streptococcus_26406,96.117,Streptococcus constellatus 20925_1_21
Streptococcus_26406,99.029,Streptococcus n.sp. 27098_8_113
Streptococcus_26406,99.029,Streptococcus n.sp. 27098_8_73
Streptococcus_26406,98.544,Streptococcus gordonii 27098_8_101
Streptococcus_26406,98.544,Streptococcus n.sp. 27098_8_75
Streptococcus_26406,97.087,Streptococcus n.sp. 20925_1_44
Streptococcus_26406,97.087,Streptococcus n.sp. 27098_8_22
Streptococcus_26406,97.087,Streptococcus n.sp. 27098_8_69
Streptococcus_26406,97.087,Streptococcus n.sp. 27098_8_91
Streptococcus_26406,97.087,Streptococcus n.sp. 20925_1_69
Streptococcus_26406,97.087,Streptococcus n.sp. 27098_8_103
Streptococcus_26406,97.087,Streptococcus n.sp. 27098_8_109
Streptococcus_26406,97.087,Streptococcus n.sp. 27098_8_76
Streptococcus_26406,97.087,Streptococcus mitis 27098_8_87
Streptococcus_26406,96.602,Streptococcus n.sp. 27098_8_23
Streptococcus_26406,97.087,Streptococcus n.sp. 27098_8_51
Streptococcus_26406,97.087,Streptococcus n.sp. 27098_8_70
Streptococcus_26406,99.029,Streptococcus parasanguinis 20925_1_10
Streptococcus_26406,99.029,Streptococcus n.sp. 20925_1_77
Streptococcus_26406,99.029,Streptococcus n.sp. 27098_8_12
Streptococcus_26406,99.029,Streptococcus parasanguinis 20925_1_143
Streptococcus_26406,99.029,Streptococcus n.sp. 27098_8_148
Streptococcus_26406,99.029,Streptococcus parasanguinis 27098_8_150
Streptococcus_26406,99.029,Streptococcus n.sp. 27098_8_177
Streptococcus_26406,99.029,Streptococcus n.sp. 27098_8_186
Streptococcus_26406,99.029,Streptococcus parasanguinis 27098_8_46
Streptococcus_26406,99.029,Streptococcus parasanguinis 27098_8_54
Streptococcus_26406,99.029,Streptococcus n.sp. 27098_8_66
Streptococcus_26406,99.029,Streptococcus n.sp. 27098_8_98
Streptococcus_26406,99.029,Streptococcus n.sp. 27098_8_99
Streptococcus_26406,95.631,Streptococcus anginosus 27098_8_173
Streptococcus_26406,97.087,Streptococcus pseudopneumoniae 20925_1_26
Streptococcus_26406,96.117,Streptococcus salivarius 20925_1_11
Streptococcus_26406,96.117,Streptococcus salivarius 20925_1_13
Streptococcus_26406,96.117,Streptococcus salivarius 27098_8_110
Streptococcus_26406,96.117,Streptococcus salivarius 27098_8_117
Streptococcus_26406,96.117,Streptococcus salivarius 27098_8_119
Streptococcus_26406,96.117,Streptococcus salivarius 27098_8_152
Streptococcus_26406,96.117,Streptococcus salivarius 27098_8_153
Streptococcus_26406,96.117,Streptococcus n.sp. 27098_8_74
Streptococcus_26406,98.544,Streptococcus n.sp. 20925_1_22
Streptococcus_26406,98.544,Streptococcus n.sp. 27098_8_134
Streptococcus_26406,98.544,Streptococcus sanguinis 27098_8_181
Streptococcus_26406,98.544,Streptococcus n.sp. 27098_8_82
Streptococcus_26415,97.087,Streptococcus chosunense 27098_8_53
Streptococcus_26415,97.087,Streptococcus n.sp. 27098_8_86
Streptococcus_26415,96.602,Streptococcus constellatus 20925_1_21
Streptococcus_26415,99.029,Streptococcus n.sp. 27098_8_113
Streptococcus_26415,99.029,Streptococcus n.sp. 27098_8_73
Streptococcus_26415,98.544,Streptococcus gordonii 27098_8_101
Streptococcus_26415,98.544,Streptococcus n.sp. 27098_8_75
Streptococcus_26415,97.087,Streptococcus n.sp. 20925_1_44
Streptococcus_26415,97.087,Streptococcus n.sp. 27098_8_22
Streptococcus_26415,97.087,Streptococcus n.sp. 27098_8_69
Streptococcus_26415,97.087,Streptococcus n.sp. 27098_8_91
Streptococcus_26415,97.087,Streptococcus n.sp. 20925_1_69
Streptococcus_26415,97.087,Streptococcus n.sp. 27098_8_103
Streptococcus_26415,97.087,Streptococcus n.sp. 27098_8_109
Streptococcus_26415,97.087,Streptococcus n.sp. 27098_8_76
Streptococcus_26415,97.087,Streptococcus mitis 27098_8_87
Streptococcus_26415,96.602,Streptococcus n.sp. 27098_8_23
Streptococcus_26415,97.087,Streptococcus n.sp. 27098_8_51
Streptococcus_26415,97.087,Streptococcus n.sp. 27098_8_70
Streptococcus_26415,99.029,Streptococcus parasanguinis 20925_1_10
Streptococcus_26415,99.029,Streptococcus n.sp. 20925_1_77
Streptococcus_26415,99.029,Streptococcus n.sp. 27098_8_12
Streptococcus_26415,99.029,Streptococcus parasanguinis 20925_1_143
Streptococcus_26415,99.029,Streptococcus n.sp. 27098_8_148
Streptococcus_26415,99.029,Streptococcus parasanguinis 27098_8_150
Streptococcus_26415,99.029,Streptococcus n.sp. 27098_8_177
Streptococcus_26415,99.029,Streptococcus n.sp. 27098_8_186
Streptococcus_26415,99.029,Streptococcus parasanguinis 27098_8_46
Streptococcus_26415,99.029,Streptococcus parasanguinis 27098_8_54
Streptococcus_26415,99.029,Streptococcus n.sp. 27098_8_66
Streptococcus_26415,99.029,Streptococcus n.sp. 27098_8_98
Streptococcus_26415,99.029,Streptococcus n.sp. 27098_8_99
Streptococcus_26415,96.117,Streptococcus anginosus 27098_8_173
Streptococcus_26415,97.087,Streptococcus pseudopneumoniae 20925_1_26
Streptococcus_26415,96.117,Streptococcus salivarius 20925_1_11
Streptococcus_26415,96.117,Streptococcus salivarius 20925_1_13
Streptococcus_26415,96.117,Streptococcus salivarius 27098_8_110
Streptococcus_26415,96.117,Streptococcus salivarius 27098_8_117
Streptococcus_26415,96.117,Streptococcus salivarius 27098_8_119
Streptococcus_26415,96.117,Streptococcus salivarius 27098_8_152
Streptococcus_26415,96.117,Streptococcus salivarius 27098_8_153
Streptococcus_26415,96.117,Streptococcus n.sp. 27098_8_74
Streptococcus_26415,99.515,Streptococcus n.sp. 20925_1_22
Streptococcus_26415,99.515,Streptococcus n.sp. 27098_8_134
Streptococcus_26415,99.515,Streptococcus sanguinis 27098_8_181
Streptococcus_26415,99.515,Streptococcus n.sp. 27098_8_82
Streptococcus_26423,97.573,Streptococcus chosunense 27098_8_53
Streptococcus_26423,97.573,Streptococcus n.sp. 27098_8_86
Streptococcus_26423,96.602,Streptococcus constellatus 20925_1_21
Streptococcus_26423,99.515,Streptococcus n.sp. 27098_8_113
Streptococcus_26423,99.515,Streptococcus n.sp. 27098_8_73
Streptococcus_26423,99.029,Streptococcus gordonii 27098_8_101
Streptococcus_26423,99.029,Streptococcus n.sp. 27098_8_75
Streptococcus_26423,97.573,Streptococcus n.sp. 20925_1_44
Streptococcus_26423,97.573,Streptococcus n.sp. 27098_8_22
Streptococcus_26423,97.573,Streptococcus n.sp. 27098_8_69
Streptococcus_26423,97.573,Streptococcus n.sp. 27098_8_91
Streptococcus_26423,97.573,Streptococcus n.sp. 20925_1_69
Streptococcus_26423,97.573,Streptococcus n.sp. 27098_8_103
Streptococcus_26423,97.573,Streptococcus n.sp. 27098_8_109
Streptococcus_26423,97.573,Streptococcus n.sp. 27098_8_76
Streptococcus_26423,97.573,Streptococcus mitis 27098_8_87
Streptococcus_26423,97.087,Streptococcus n.sp. 27098_8_23
Streptococcus_26423,97.573,Streptococcus n.sp. 27098_8_51
Streptococcus_26423,97.573,Streptococcus n.sp. 27098_8_70
Streptococcus_26423,99.515,Streptococcus parasanguinis 20925_1_10
Streptococcus_26423,99.515,Streptococcus n.sp. 20925_1_77
Streptococcus_26423,99.515,Streptococcus n.sp. 27098_8_12
Streptococcus_26423,99.515,Streptococcus parasanguinis 20925_1_143
Streptococcus_26423,99.515,Streptococcus n.sp. 27098_8_148
Streptococcus_26423,99.515,Streptococcus parasanguinis 27098_8_150
Streptococcus_26423,99.515,Streptococcus n.sp. 27098_8_177
Streptococcus_26423,99.515,Streptococcus n.sp. 27098_8_186
Streptococcus_26423,99.515,Streptococcus parasanguinis 27098_8_46
Streptococcus_26423,99.515,Streptococcus parasanguinis 27098_8_54
Streptococcus_26423,99.515,Streptococcus n.sp. 27098_8_66
Streptococcus_26423,99.515,Streptococcus n.sp. 27098_8_98
Streptococcus_26423,99.515,Streptococcus n.sp. 27098_8_99
Streptococcus_26423,96.117,Streptococcus anginosus 27098_8_173
Streptococcus_26423,97.573,Streptococcus pseudopneumoniae 20925_1_26
Streptococcus_26423,96.602,Streptococcus salivarius 20925_1_11
Streptococcus_26423,96.602,Streptococcus salivarius 20925_1_13
Streptococcus_26423,96.602,Streptococcus salivarius 27098_8_110
Streptococcus_26423,96.602,Streptococcus salivarius 27098_8_117
Streptococcus_26423,96.602,Streptococcus salivarius 27098_8_119
Streptococcus_26423,96.602,Streptococcus salivarius 27098_8_152
Streptococcus_26423,96.602,Streptococcus salivarius 27098_8_153
Streptococcus_26423,96.602,Streptococcus n.sp. 27098_8_74
Streptococcus_26423,99.029,Streptococcus n.sp. 20925_1_22
Streptococcus_26423,99.029,Streptococcus n.sp. 27098_8_134
Streptococcus_26423,99.029,Streptococcus sanguinis 27098_8_181
Streptococcus_26423,99.029,Streptococcus n.sp. 27098_8_82
Streptococcus_26424,97.573,Streptococcus chosunense 27098_8_53
Streptococcus_26424,97.573,Streptococcus n.sp. 27098_8_86
Streptococcus_26424,96.602,Streptococcus constellatus 20925_1_21
Streptococcus_26424,99.515,Streptococcus n.sp. 27098_8_113
Streptococcus_26424,99.515,Streptococcus n.sp. 27098_8_73
Streptococcus_26424,99.029,Streptococcus gordonii 27098_8_101
Streptococcus_26424,99.029,Streptococcus n.sp. 27098_8_75
Streptococcus_26424,97.573,Streptococcus n.sp. 20925_1_44
Streptococcus_26424,97.573,Streptococcus n.sp. 27098_8_22
Streptococcus_26424,97.573,Streptococcus n.sp. 27098_8_69
Streptococcus_26424,97.573,Streptococcus n.sp. 27098_8_91
Streptococcus_26424,97.573,Streptococcus n.sp. 20925_1_69
Streptococcus_26424,97.573,Streptococcus n.sp. 27098_8_103
Streptococcus_26424,97.573,Streptococcus n.sp. 27098_8_109
Streptococcus_26424,97.573,Streptococcus n.sp. 27098_8_76
Streptococcus_26424,97.573,Streptococcus mitis 27098_8_87
Streptococcus_26424,97.087,Streptococcus n.sp. 27098_8_23
Streptococcus_26424,97.573,Streptococcus n.sp. 27098_8_51
Streptococcus_26424,97.573,Streptococcus n.sp. 27098_8_70
Streptococcus_26424,99.515,Streptococcus parasanguinis 20925_1_10
Streptococcus_26424,99.515,Streptococcus n.sp. 20925_1_77
Streptococcus_26424,99.515,Streptococcus n.sp. 27098_8_12
Streptococcus_26424,99.515,Streptococcus parasanguinis 20925_1_143
Streptococcus_26424,99.515,Streptococcus n.sp. 27098_8_148
Streptococcus_26424,99.515,Streptococcus parasanguinis 27098_8_150
Streptococcus_26424,99.515,Streptococcus n.sp. 27098_8_177
Streptococcus_26424,99.515,Streptococcus n.sp. 27098_8_186
Streptococcus_26424,99.515,Streptococcus parasanguinis 27098_8_46
Streptococcus_26424,99.515,Streptococcus parasanguinis 27098_8_54
Streptococcus_26424,99.515,Streptococcus n.sp. 27098_8_66
Streptococcus_26424,99.515,Streptococcus n.sp. 27098_8_98
Streptococcus_26424,99.515,Streptococcus n.sp. 27098_8_99
Streptococcus_26424,96.117,Streptococcus anginosus 27098_8_173
Streptococcus_26424,97.573,Streptococcus pseudopneumoniae 20925_1_26
Streptococcus_26424,96.602,Streptococcus salivarius 20925_1_11
Streptococcus_26424,96.602,Streptococcus salivarius 20925_1_13
Streptococcus_26424,96.602,Streptococcus salivarius 27098_8_110
Streptococcus_26424,96.602,Streptococcus salivarius 27098_8_117
Streptococcus_26424,96.602,Streptococcus salivarius 27098_8_119
Streptococcus_26424,96.602,Streptococcus salivarius 27098_8_152
Streptococcus_26424,96.602,Streptococcus salivarius 27098_8_153
Streptococcus_26424,96.602,Streptococcus n.sp. 27098_8_74
Streptococcus_26424,99.029,Streptococcus n.sp. 20925_1_22
Streptococcus_26424,99.029,Streptococcus n.sp. 27098_8_134
Streptococcus_26424,99.029,Streptococcus sanguinis 27098_8_181
Streptococcus_26424,99.029,Streptococcus n.sp. 27098_8_82
Streptococcus_26425,97.573,Streptococcus chosunense 27098_8_53
Streptococcus_26425,97.573,Streptococcus n.sp. 27098_8_86
Streptococcus_26425,99.515,Streptococcus n.sp. 27098_8_113
Streptococcus_26425,99.515,Streptococcus n.sp. 27098_8_73
Streptococcus_26425,97.573,Streptococcus n.sp. 20925_1_44
Streptococcus_26425,97.573,Streptococcus n.sp. 27098_8_22
Streptococcus_26425,97.573,Streptococcus n.sp. 27098_8_69
Streptococcus_26425,97.573,Streptococcus n.sp. 27098_8_91
Streptococcus_26425,97.573,Streptococcus n.sp. 20925_1_69
Streptococcus_26425,97.573,Streptococcus n.sp. 27098_8_103
Streptococcus_26425,97.573,Streptococcus n.sp. 27098_8_109
Streptococcus_26425,97.573,Streptococcus n.sp. 27098_8_76
Streptococcus_26425,97.573,Streptococcus mitis 27098_8_87
Streptococcus_26425,97.087,Streptococcus n.sp. 27098_8_23
Streptococcus_26425,97.573,Streptococcus n.sp. 27098_8_51
Streptococcus_26425,97.573,Streptococcus n.sp. 27098_8_70
Streptococcus_26425,99.515,Streptococcus parasanguinis 20925_1_10
Streptococcus_26425,99.515,Streptococcus n.sp. 20925_1_77
Streptococcus_26425,99.515,Streptococcus n.sp. 27098_8_12
Streptococcus_26425,99.515,Streptococcus parasanguinis 20925_1_143
Streptococcus_26425,99.515,Streptococcus n.sp. 27098_8_148
Streptococcus_26425,99.515,Streptococcus parasanguinis 27098_8_150
Streptococcus_26425,99.515,Streptococcus n.sp. 27098_8_177
Streptococcus_26425,99.515,Streptococcus n.sp. 27098_8_186
Streptococcus_26425,99.515,Streptococcus parasanguinis 27098_8_46
Streptococcus_26425,99.515,Streptococcus parasanguinis 27098_8_54
Streptococcus_26425,99.515,Streptococcus n.sp. 27098_8_66
Streptococcus_26425,99.515,Streptococcus n.sp. 27098_8_98
Streptococcus_26425,99.515,Streptococcus n.sp. 27098_8_99
Streptococcus_26425,97.573,Streptococcus pseudopneumoniae 20925_1_26
Streptococcus_26425,99.029,Streptococcus n.sp. 20925_1_22
Streptococcus_26425,99.029,Streptococcus n.sp. 27098_8_134
Streptococcus_26425,99.029,Streptococcus sanguinis 27098_8_181
Streptococcus_26425,99.029,Streptococcus n.sp. 27098_8_82
Streptococcus_26438,97.573,Streptococcus chosunense 27098_8_53
Streptococcus_26438,97.573,Streptococcus n.sp. 27098_8_86
Streptococcus_26438,96.602,Streptococcus constellatus 20925_1_21
Streptococcus_26438,99.515,Streptococcus n.sp. 27098_8_113
Streptococcus_26438,99.515,Streptococcus n.sp. 27098_8_73
Streptococcus_26438,99.029,Streptococcus gordonii 27098_8_101
Streptococcus_26438,99.029,Streptococcus n.sp. 27098_8_75
Streptococcus_26438,97.573,Streptococcus n.sp. 20925_1_44
Streptococcus_26438,97.573,Streptococcus n.sp. 27098_8_22
Streptococcus_26438,97.573,Streptococcus n.sp. 27098_8_69
Streptococcus_26438,97.573,Streptococcus n.sp. 27098_8_91
Streptococcus_26438,97.573,Streptococcus n.sp. 20925_1_69
Streptococcus_26438,97.573,Streptococcus n.sp. 27098_8_103
Streptococcus_26438,97.573,Streptococcus n.sp. 27098_8_109
Streptococcus_26438,97.573,Streptococcus n.sp. 27098_8_76
Streptococcus_26438,97.573,Streptococcus mitis 27098_8_87
Streptococcus_26438,97.087,Streptococcus n.sp. 27098_8_23
Streptococcus_26438,97.573,Streptococcus n.sp. 27098_8_51
Streptococcus_26438,97.573,Streptococcus n.sp. 27098_8_70
Streptococcus_26438,99.515,Streptococcus parasanguinis 20925_1_10
Streptococcus_26438,99.515,Streptococcus n.sp. 20925_1_77
Streptococcus_26438,99.515,Streptococcus n.sp. 27098_8_12
Streptococcus_26438,99.515,Streptococcus parasanguinis 20925_1_143
Streptococcus_26438,99.515,Streptococcus n.sp. 27098_8_148
Streptococcus_26438,99.515,Streptococcus parasanguinis 27098_8_150
Streptococcus_26438,99.515,Streptococcus n.sp. 27098_8_177
Streptococcus_26438,99.515,Streptococcus n.sp. 27098_8_186
Streptococcus_26438,99.515,Streptococcus parasanguinis 27098_8_46
Streptococcus_26438,99.515,Streptococcus parasanguinis 27098_8_54
Streptococcus_26438,99.515,Streptococcus n.sp. 27098_8_66
Streptococcus_26438,99.515,Streptococcus n.sp. 27098_8_98
Streptococcus_26438,99.515,Streptococcus n.sp. 27098_8_99
Streptococcus_26438,96.117,Streptococcus anginosus 27098_8_173
Streptococcus_26438,97.573,Streptococcus pseudopneumoniae 20925_1_26
Streptococcus_26438,96.602,Streptococcus salivarius 20925_1_11
Streptococcus_26438,96.602,Streptococcus salivarius 20925_1_13
Streptococcus_26438,96.602,Streptococcus salivarius 27098_8_110
Streptococcus_26438,96.602,Streptococcus salivarius 27098_8_117
Streptococcus_26438,96.602,Streptococcus salivarius 27098_8_119
Streptococcus_26438,96.602,Streptococcus salivarius 27098_8_152
Streptococcus_26438,96.602,Streptococcus salivarius 27098_8_153
Streptococcus_26438,96.602,Streptococcus n.sp. 27098_8_74
Streptococcus_26438,99.029,Streptococcus n.sp. 20925_1_22
Streptococcus_26438,99.029,Streptococcus n.sp. 27098_8_134
Streptococcus_26438,99.029,Streptococcus sanguinis 27098_8_181
Streptococcus_26438,99.029,Streptococcus n.sp. 27098_8_82
Streptococcus_26439,97.573,Streptococcus chosunense 27098_8_53
Streptococcus_26439,97.573,Streptococcus n.sp. 27098_8_86
Streptococcus_26439,96.602,Streptococcus constellatus 20925_1_21
Streptococcus_26439,99.515,Streptococcus n.sp. 27098_8_113
Streptococcus_26439,99.515,Streptococcus n.sp. 27098_8_73
Streptococcus_26439,99.029,Streptococcus gordonii 27098_8_101
Streptococcus_26439,99.029,Streptococcus n.sp. 27098_8_75
Streptococcus_26439,97.573,Streptococcus n.sp. 20925_1_44
Streptococcus_26439,97.573,Streptococcus n.sp. 27098_8_22
Streptococcus_26439,97.573,Streptococcus n.sp. 27098_8_69
Streptococcus_26439,97.573,Streptococcus n.sp. 27098_8_91
Streptococcus_26439,97.573,Streptococcus n.sp. 20925_1_69
Streptococcus_26439,97.573,Streptococcus n.sp. 27098_8_103
Streptococcus_26439,97.573,Streptococcus n.sp. 27098_8_109
Streptococcus_26439,97.573,Streptococcus n.sp. 27098_8_76
Streptococcus_26439,97.573,Streptococcus mitis 27098_8_87
Streptococcus_26439,97.087,Streptococcus n.sp. 27098_8_23
Streptococcus_26439,97.573,Streptococcus n.sp. 27098_8_51
Streptococcus_26439,97.573,Streptococcus n.sp. 27098_8_70
Streptococcus_26439,99.515,Streptococcus parasanguinis 20925_1_10
Streptococcus_26439,99.515,Streptococcus n.sp. 20925_1_77
Streptococcus_26439,99.515,Streptococcus n.sp. 27098_8_12
Streptococcus_26439,99.515,Streptococcus parasanguinis 20925_1_143
Streptococcus_26439,99.515,Streptococcus n.sp. 27098_8_148
Streptococcus_26439,99.515,Streptococcus parasanguinis 27098_8_150
Streptococcus_26439,99.515,Streptococcus n.sp. 27098_8_177
Streptococcus_26439,99.515,Streptococcus n.sp. 27098_8_186
Streptococcus_26439,99.515,Streptococcus parasanguinis 27098_8_46
Streptococcus_26439,99.515,Streptococcus parasanguinis 27098_8_54
Streptococcus_26439,99.515,Streptococcus n.sp. 27098_8_66
Streptococcus_26439,99.515,Streptococcus n.sp. 27098_8_98
Streptococcus_26439,99.515,Streptococcus n.sp. 27098_8_99
Streptococcus_26439,96.117,Streptococcus anginosus 27098_8_173
Streptococcus_26439,97.573,Streptococcus pseudopneumoniae 20925_1_26
Streptococcus_26439,96.602,Streptococcus salivarius 20925_1_11
Streptococcus_26439,96.602,Streptococcus salivarius 20925_1_13
Streptococcus_26439,96.602,Streptococcus salivarius 27098_8_110
Streptococcus_26439,96.602,Streptococcus salivarius 27098_8_117
Streptococcus_26439,96.602,Streptococcus salivarius 27098_8_119
Streptococcus_26439,96.602,Streptococcus salivarius 27098_8_152
Streptococcus_26439,96.602,Streptococcus salivarius 27098_8_153
Streptococcus_26439,96.602,Streptococcus n.sp. 27098_8_74
Streptococcus_26439,99.029,Streptococcus n.sp. 20925_1_22
Streptococcus_26439,99.029,Streptococcus n.sp. 27098_8_134
Streptococcus_26439,99.029,Streptococcus sanguinis 27098_8_181
Streptococcus_26439,99.029,Streptococcus n.sp. 27098_8_82
Streptococcus_26440,97.087,Streptococcus chosunense 27098_8_53
Streptococcus_26440,97.087,Streptococcus n.sp. 27098_8_86
Streptococcus_26440,96.602,Streptococcus constellatus 20925_1_21
Streptococcus_26440,99.029,Streptococcus n.sp. 27098_8_113
Streptococcus_26440,99.029,Streptococcus n.sp. 27098_8_73
Streptococcus_26440,98.544,Streptococcus gordonii 27098_8_101
Streptococcus_26440,98.544,Streptococcus n.sp. 27098_8_75
Streptococcus_26440,97.087,Streptococcus n.sp. 20925_1_44
Streptococcus_26440,97.087,Streptococcus n.sp. 27098_8_22
Streptococcus_26440,97.087,Streptococcus n.sp. 27098_8_69
Streptococcus_26440,97.087,Streptococcus n.sp. 27098_8_91
Streptococcus_26440,97.087,Streptococcus n.sp. 20925_1_69
Streptococcus_26440,97.087,Streptococcus n.sp. 27098_8_103
Streptococcus_26440,97.087,Streptococcus n.sp. 27098_8_109
Streptococcus_26440,97.087,Streptococcus n.sp. 27098_8_76
Streptococcus_26440,97.087,Streptococcus mitis 27098_8_87
Streptococcus_26440,96.602,Streptococcus n.sp. 27098_8_23
Streptococcus_26440,97.087,Streptococcus n.sp. 27098_8_51
Streptococcus_26440,97.087,Streptococcus n.sp. 27098_8_70
Streptococcus_26440,99.029,Streptococcus parasanguinis 20925_1_10
Streptococcus_26440,99.029,Streptococcus n.sp. 20925_1_77
Streptococcus_26440,99.029,Streptococcus n.sp. 27098_8_12
Streptococcus_26440,99.029,Streptococcus parasanguinis 20925_1_143
Streptococcus_26440,99.029,Streptococcus n.sp. 27098_8_148
Streptococcus_26440,99.029,Streptococcus parasanguinis 27098_8_150
Streptococcus_26440,99.029,Streptococcus n.sp. 27098_8_177
Streptococcus_26440,99.029,Streptococcus n.sp. 27098_8_186
Streptococcus_26440,99.029,Streptococcus parasanguinis 27098_8_46
Streptococcus_26440,99.029,Streptococcus parasanguinis 27098_8_54
Streptococcus_26440,99.029,Streptococcus n.sp. 27098_8_66
Streptococcus_26440,99.029,Streptococcus n.sp. 27098_8_98
Streptococcus_26440,99.029,Streptococcus n.sp. 27098_8_99
Streptococcus_26440,96.117,Streptococcus anginosus 27098_8_173
Streptococcus_26440,97.087,Streptococcus pseudopneumoniae 20925_1_26
Streptococcus_26440,96.117,Streptococcus salivarius 20925_1_11
Streptococcus_26440,96.117,Streptococcus salivarius 20925_1_13
Streptococcus_26440,96.117,Streptococcus salivarius 27098_8_110
Streptococcus_26440,96.117,Streptococcus salivarius 27098_8_117
Streptococcus_26440,96.117,Streptococcus salivarius 27098_8_119
Streptococcus_26440,96.117,Streptococcus salivarius 27098_8_152
Streptococcus_26440,96.117,Streptococcus salivarius 27098_8_153
Streptococcus_26440,96.117,Streptococcus n.sp. 27098_8_74
Streptococcus_26440,99.515,Streptococcus n.sp. 20925_1_22
Streptococcus_26440,99.515,Streptococcus n.sp. 27098_8_134
Streptococcus_26440,99.515,Streptococcus sanguinis 27098_8_181
Streptococcus_26440,99.515,Streptococcus n.sp. 27098_8_82
Streptococcus_26458,97.573,Streptococcus chosunense 27098_8_53
Streptococcus_26458,97.573,Streptococcus n.sp. 27098_8_86
Streptococcus_26458,96.602,Streptococcus constellatus 20925_1_21
Streptococcus_26458,99.515,Streptococcus n.sp. 27098_8_113
Streptococcus_26458,99.515,Streptococcus n.sp. 27098_8_73
Streptococcus_26458,99.029,Streptococcus gordonii 27098_8_101
Streptococcus_26458,99.029,Streptococcus n.sp. 27098_8_75
Streptococcus_26458,97.573,Streptococcus n.sp. 20925_1_44
Streptococcus_26458,97.573,Streptococcus n.sp. 27098_8_22
Streptococcus_26458,97.573,Streptococcus n.sp. 27098_8_69
Streptococcus_26458,97.573,Streptococcus n.sp. 27098_8_91
Streptococcus_26458,97.573,Streptococcus n.sp. 20925_1_69
Streptococcus_26458,97.573,Streptococcus n.sp. 27098_8_103
Streptococcus_26458,97.573,Streptococcus n.sp. 27098_8_109
Streptococcus_26458,97.573,Streptococcus n.sp. 27098_8_76
Streptococcus_26458,97.573,Streptococcus mitis 27098_8_87
Streptococcus_26458,97.087,Streptococcus n.sp. 27098_8_23
Streptococcus_26458,97.573,Streptococcus n.sp. 27098_8_51
Streptococcus_26458,97.573,Streptococcus n.sp. 27098_8_70
Streptococcus_26458,99.515,Streptococcus parasanguinis 20925_1_10
Streptococcus_26458,99.515,Streptococcus n.sp. 20925_1_77
Streptococcus_26458,99.515,Streptococcus n.sp. 27098_8_12
Streptococcus_26458,99.515,Streptococcus parasanguinis 20925_1_143
Streptococcus_26458,99.515,Streptococcus n.sp. 27098_8_148
Streptococcus_26458,99.515,Streptococcus parasanguinis 27098_8_150
Streptococcus_26458,99.515,Streptococcus n.sp. 27098_8_177
Streptococcus_26458,99.515,Streptococcus n.sp. 27098_8_186
Streptococcus_26458,99.515,Streptococcus parasanguinis 27098_8_46
Streptococcus_26458,99.515,Streptococcus parasanguinis 27098_8_54
Streptococcus_26458,99.515,Streptococcus n.sp. 27098_8_66
Streptococcus_26458,99.515,Streptococcus n.sp. 27098_8_98
Streptococcus_26458,99.515,Streptococcus n.sp. 27098_8_99
Streptococcus_26458,96.117,Streptococcus anginosus 27098_8_173
Streptococcus_26458,97.573,Streptococcus pseudopneumoniae 20925_1_26
Streptococcus_26458,96.602,Streptococcus salivarius 20925_1_11
Streptococcus_26458,96.602,Streptococcus salivarius 20925_1_13
Streptococcus_26458,96.602,Streptococcus salivarius 27098_8_110
Streptococcus_26458,96.602,Streptococcus salivarius 27098_8_117
Streptococcus_26458,96.602,Streptococcus salivarius 27098_8_119
Streptococcus_26458,96.602,Streptococcus salivarius 27098_8_152
Streptococcus_26458,96.602,Streptococcus salivarius 27098_8_153
Streptococcus_26458,96.602,Streptococcus n.sp. 27098_8_74
Streptococcus_26458,99.029,Streptococcus n.sp. 20925_1_22
Streptococcus_26458,99.029,Streptococcus n.sp. 27098_8_134
Streptococcus_26458,99.029,Streptococcus sanguinis 27098_8_181
Streptococcus_26458,99.029,Streptococcus n.sp. 27098_8_82
Streptococcus_26474,97.087,Streptococcus chosunense 27098_8_53
Streptococcus_26474,97.087,Streptococcus n.sp. 27098_8_86
Streptococcus_26474,96.602,Streptococcus constellatus 20925_1_21
Streptococcus_26474,99.029,Streptococcus n.sp. 27098_8_113
Streptococcus_26474,99.029,Streptococcus n.sp. 27098_8_73
Streptococcus_26474,98.544,Streptococcus gordonii 27098_8_101
Streptococcus_26474,98.544,Streptococcus n.sp. 27098_8_75
Streptococcus_26474,97.087,Streptococcus n.sp. 20925_1_44
Streptococcus_26474,97.087,Streptococcus n.sp. 27098_8_22
Streptococcus_26474,97.087,Streptococcus n.sp. 27098_8_69
Streptococcus_26474,97.087,Streptococcus n.sp. 27098_8_91
Streptococcus_26474,97.087,Streptococcus n.sp. 20925_1_69
Streptococcus_26474,97.087,Streptococcus n.sp. 27098_8_103
Streptococcus_26474,97.087,Streptococcus n.sp. 27098_8_109
Streptococcus_26474,97.087,Streptococcus n.sp. 27098_8_76
Streptococcus_26474,97.087,Streptococcus mitis 27098_8_87
Streptococcus_26474,96.602,Streptococcus n.sp. 27098_8_23
Streptococcus_26474,97.087,Streptococcus n.sp. 27098_8_51
Streptococcus_26474,97.087,Streptococcus n.sp. 27098_8_70
Streptococcus_26474,99.029,Streptococcus parasanguinis 20925_1_10
Streptococcus_26474,99.029,Streptococcus n.sp. 20925_1_77
Streptococcus_26474,99.029,Streptococcus n.sp. 27098_8_12
Streptococcus_26474,99.029,Streptococcus parasanguinis 20925_1_143
Streptococcus_26474,99.029,Streptococcus n.sp. 27098_8_148
Streptococcus_26474,99.029,Streptococcus parasanguinis 27098_8_150
Streptococcus_26474,99.029,Streptococcus n.sp. 27098_8_177
Streptococcus_26474,99.029,Streptococcus n.sp. 27098_8_186
Streptococcus_26474,99.029,Streptococcus parasanguinis 27098_8_46
Streptococcus_26474,99.029,Streptococcus parasanguinis 27098_8_54
Streptococcus_26474,99.029,Streptococcus n.sp. 27098_8_66
Streptococcus_26474,99.029,Streptococcus n.sp. 27098_8_98
Streptococcus_26474,99.029,Streptococcus n.sp. 27098_8_99
Streptococcus_26474,96.117,Streptococcus anginosus 27098_8_173
Streptococcus_26474,97.087,Streptococcus pseudopneumoniae 20925_1_26
Streptococcus_26474,96.117,Streptococcus salivarius 20925_1_11
Streptococcus_26474,96.117,Streptococcus salivarius 20925_1_13
Streptococcus_26474,96.117,Streptococcus salivarius 27098_8_110
Streptococcus_26474,96.117,Streptococcus salivarius 27098_8_117
Streptococcus_26474,96.117,Streptococcus salivarius 27098_8_119
Streptococcus_26474,96.117,Streptococcus salivarius 27098_8_152
Streptococcus_26474,96.117,Streptococcus salivarius 27098_8_153
Streptococcus_26474,96.117,Streptococcus n.sp. 27098_8_74
Streptococcus_26474,99.515,Streptococcus n.sp. 20925_1_22
Streptococcus_26474,99.515,Streptococcus n.sp. 27098_8_134
Streptococcus_26474,99.515,Streptococcus sanguinis 27098_8_181
Streptococcus_26474,99.515,Streptococcus n.sp. 27098_8_82
Streptococcus_26674,95.631,Streptococcus chosunense 27098_8_53
Streptococcus_26674,95.631,Streptococcus n.sp. 27098_8_86
Streptococcus_26674,97.087,Streptococcus constellatus 20925_1_21
Streptococcus_26674,97.573,Streptococcus n.sp. 27098_8_113
Streptococcus_26674,97.573,Streptococcus n.sp. 27098_8_73
Streptococcus_26674,97.087,Streptococcus gordonii 27098_8_101
Streptococcus_26674,97.087,Streptococcus n.sp. 27098_8_75
Streptococcus_26674,95.631,Streptococcus n.sp. 20925_1_44
Streptococcus_26674,95.631,Streptococcus n.sp. 27098_8_22
Streptococcus_26674,95.631,Streptococcus n.sp. 27098_8_69
Streptococcus_26674,95.631,Streptococcus n.sp. 27098_8_91
Streptococcus_26674,95.631,Streptococcus n.sp. 20925_1_69
Streptococcus_26674,95.631,Streptococcus n.sp. 27098_8_103
Streptococcus_26674,95.631,Streptococcus n.sp. 27098_8_109
Streptococcus_26674,95.631,Streptococcus n.sp. 27098_8_76
Streptococcus_26674,95.631,Streptococcus mitis 27098_8_87
Streptococcus_26674,95.146,Streptococcus n.sp. 27098_8_23
Streptococcus_26674,95.631,Streptococcus n.sp. 27098_8_51
Streptococcus_26674,95.631,Streptococcus n.sp. 27098_8_70
Streptococcus_26674,97.573,Streptococcus parasanguinis 20925_1_10
Streptococcus_26674,97.573,Streptococcus n.sp. 20925_1_77
Streptococcus_26674,97.573,Streptococcus n.sp. 27098_8_12
Streptococcus_26674,97.573,Streptococcus parasanguinis 20925_1_143
Streptococcus_26674,97.573,Streptococcus n.sp. 27098_8_148
Streptococcus_26674,97.573,Streptococcus parasanguinis 27098_8_150
Streptococcus_26674,97.573,Streptococcus n.sp. 27098_8_177
Streptococcus_26674,97.573,Streptococcus n.sp. 27098_8_186
Streptococcus_26674,97.573,Streptococcus parasanguinis 27098_8_46
Streptococcus_26674,97.573,Streptococcus parasanguinis 27098_8_54
Streptococcus_26674,97.573,Streptococcus n.sp. 27098_8_66
Streptococcus_26674,97.573,Streptococcus n.sp. 27098_8_98
Streptococcus_26674,97.573,Streptococcus n.sp. 27098_8_99
Streptococcus_26674,96.602,Streptococcus anginosus 27098_8_173
Streptococcus_26674,95.631,Streptococcus pseudopneumoniae 20925_1_26
Streptococcus_26674,96.602,Streptococcus salivarius 20925_1_11
Streptococcus_26674,96.602,Streptococcus salivarius 20925_1_13
Streptococcus_26674,96.602,Streptococcus salivarius 27098_8_110
Streptococcus_26674,96.602,Streptococcus salivarius 27098_8_117
Streptococcus_26674,96.602,Streptococcus salivarius 27098_8_119
Streptococcus_26674,96.602,Streptococcus salivarius 27098_8_152
Streptococcus_26674,96.602,Streptococcus salivarius 27098_8_153
Streptococcus_26674,96.602,Streptococcus n.sp. 27098_8_74
Streptococcus_26674,98.058,Streptococcus n.sp. 20925_1_22
Streptococcus_26674,98.058,Streptococcus n.sp. 27098_8_134
Streptococcus_26674,98.058,Streptococcus sanguinis 27098_8_181
Streptococcus_26674,98.058,Streptococcus n.sp. 27098_8_82
Streptococcus_26679,95.631,Streptococcus constellatus 20925_1_21
Streptococcus_26679,95.146,Streptococcus anginosus 27098_8_173
Streptococcus_26679,96.117,Streptococcus salivarius 20925_1_11
Streptococcus_26679,96.117,Streptococcus salivarius 20925_1_13
Streptococcus_26679,96.117,Streptococcus salivarius 27098_8_110
Streptococcus_26679,96.117,Streptococcus salivarius 27098_8_117
Streptococcus_26679,96.117,Streptococcus salivarius 27098_8_119
Streptococcus_26679,96.117,Streptococcus salivarius 27098_8_152
Streptococcus_26679,96.117,Streptococcus salivarius 27098_8_153
Streptococcus_26679,96.117,Streptococcus n.sp. 27098_8_74
Streptococcus_26682,,no_isolate
Streptococcus_26685,95.631,Streptococcus constellatus 20925_1_21
Streptococcus_26685,95.146,Streptococcus anginosus 27098_8_173
Streptococcus_26685,95.146,Streptococcus salivarius 20925_1_11
Streptococcus_26685,95.146,Streptococcus salivarius 20925_1_13
Streptococcus_26685,95.146,Streptococcus salivarius 27098_8_110
Streptococcus_26685,95.146,Streptococcus salivarius 27098_8_117
Streptococcus_26685,95.146,Streptococcus salivarius 27098_8_119
Streptococcus_26685,95.146,Streptococcus salivarius 27098_8_152
Streptococcus_26685,95.146,Streptococcus salivarius 27098_8_153
Streptococcus_26685,95.146,Streptococcus n.sp. 27098_8_74
Streptococcus_26702,95.146,Streptococcus n.sp. 27098_8_113
Streptococcus_26702,95.146,Streptococcus n.sp. 27098_8_73
Streptococcus_26702,95.146,Streptococcus parasanguinis 20925_1_10
Streptococcus_26702,95.146,Streptococcus n.sp. 20925_1_77
Streptococcus_26702,95.146,Streptococcus n.sp. 27098_8_12
Streptococcus_26702,95.146,Streptococcus parasanguinis 20925_1_143
Streptococcus_26702,95.146,Streptococcus n.sp. 27098_8_148
Streptococcus_26702,95.146,Streptococcus parasanguinis 27098_8_150
Streptococcus_26702,95.146,Streptococcus n.sp. 27098_8_177
Streptococcus_26702,95.146,Streptococcus n.sp. 27098_8_186
Streptococcus_26702,95.146,Streptococcus parasanguinis 27098_8_46
Streptococcus_26702,95.146,Streptococcus parasanguinis 27098_8_54
Streptococcus_26702,95.146,Streptococcus n.sp. 27098_8_66
Streptococcus_26702,95.146,Streptococcus n.sp. 27098_8_98
Streptococcus_26702,95.146,Streptococcus n.sp. 27098_8_99
Streptococcus_26705,95.631,Streptococcus constellatus 20925_1_21
Streptococcus_26705,95.631,Streptococcus n.sp. 27098_8_113
Streptococcus_26705,95.631,Streptococcus n.sp. 27098_8_73
Streptococcus_26705,95.146,Streptococcus gordonii 27098_8_101
Streptococcus_26705,95.146,Streptococcus n.sp. 27098_8_75
Streptococcus_26705,95.631,Streptococcus parasanguinis 20925_1_10
Streptococcus_26705,95.631,Streptococcus n.sp. 20925_1_77
Streptococcus_26705,95.631,Streptococcus n.sp. 27098_8_12
Streptococcus_26705,95.631,Streptococcus parasanguinis 20925_1_143
Streptococcus_26705,95.631,Streptococcus n.sp. 27098_8_148
Streptococcus_26705,95.631,Streptococcus parasanguinis 27098_8_150
Streptococcus_26705,95.631,Streptococcus n.sp. 27098_8_177
Streptococcus_26705,95.631,Streptococcus n.sp. 27098_8_186
Streptococcus_26705,95.631,Streptococcus parasanguinis 27098_8_46
Streptococcus_26705,95.631,Streptococcus parasanguinis 27098_8_54
Streptococcus_26705,95.631,Streptococcus n.sp. 27098_8_66
Streptococcus_26705,95.631,Streptococcus n.sp. 27098_8_98
Streptococcus_26705,95.631,Streptococcus n.sp. 27098_8_99
Streptococcus_26705,95.146,Streptococcus anginosus 27098_8_173
Streptococcus_26705,95.146,Streptococcus salivarius 20925_1_11
Streptococcus_26705,95.146,Streptococcus salivarius 20925_1_13
Streptococcus_26705,95.146,Streptococcus salivarius 27098_8_110
Streptococcus_26705,95.146,Streptococcus salivarius 27098_8_117
Streptococcus_26705,95.146,Streptococcus salivarius 27098_8_119
Streptococcus_26705,95.146,Streptococcus salivarius 27098_8_152
Streptococcus_26705,95.146,Streptococcus salivarius 27098_8_153
Streptococcus_26705,95.146,Streptococcus n.sp. 27098_8_74
Streptococcus_26705,95.146,Streptococcus n.sp. 20925_1_22
Streptococcus_26705,95.146,Streptococcus n.sp. 27098_8_134
Streptococcus_26705,95.146,Streptococcus sanguinis 27098_8_181
Streptococcus_26705,95.146,Streptococcus n.sp. 27098_8_82
Alloprevotella_26847,,no_isolate
Alloprevotella_26849,,no_isolate
Alloprevotella_26852,,no_isolate
Alloprevotella_26853,,no_isolate
Alloprevotella_26872,,no_isolate
Alloprevotella_26879,,no_isolate
Alloprevotella_27324,,no_isolate
Alloprevotella_27421,,no_isolate
Alloprevotella_27424,,no_isolate
Alloprevotella_27427,,no_isolate
Alloprevotella_27433,,no_isolate
Alloprevotella_27532,,no_isolate
Alloprevotella_27544,,no_isolate
Alloprevotella_27890,,no_isolate
Alloprevotella_28039,,no_isolate
Bacteroides_28071,,no_isolate
Bacteroides_28076,,no_isolate
Bacteroides_28082,,no_isolate
Bacteroides_28084,,no_isolate
Bacteroides_28085,,no_isolate
Bacteroides_28086,,no_isolate
Bacteroides_28091,,no_isolate
Bacteroides_28096,,no_isolate
Bacteroides_28100,,no_isolate
Bacteroides_28101,,no_isolate
Bacteroides_28103,,no_isolate
Paraprevotella_28108,,no_isolate
Streptococcus_28244,95.146,Streptococcus chosunense 27098_8_53
Streptococcus_28244,95.146,Streptococcus n.sp. 27098_8_86
Streptococcus_28244,96.117,Streptococcus constellatus 20925_1_21
Streptococcus_28244,97.087,Streptococcus n.sp. 27098_8_113
Streptococcus_28244,97.087,Streptococcus n.sp. 27098_8_73
Streptococcus_28244,96.602,Streptococcus gordonii 27098_8_101
Streptococcus_28244,96.602,Streptococcus n.sp. 27098_8_75
Streptococcus_28244,95.146,Streptococcus n.sp. 20925_1_44
Streptococcus_28244,95.146,Streptococcus n.sp. 27098_8_22
Streptococcus_28244,95.146,Streptococcus n.sp. 27098_8_69
Streptococcus_28244,95.146,Streptococcus n.sp. 27098_8_91
Streptococcus_28244,95.146,Streptococcus n.sp. 20925_1_69
Streptococcus_28244,95.146,Streptococcus n.sp. 27098_8_103
Streptococcus_28244,95.146,Streptococcus n.sp. 27098_8_109
Streptococcus_28244,95.146,Streptococcus n.sp. 27098_8_76
Streptococcus_28244,95.146,Streptococcus mitis 27098_8_87
Streptococcus_28244,95.146,Streptococcus n.sp. 27098_8_51
Streptococcus_28244,95.146,Streptococcus n.sp. 27098_8_70
Streptococcus_28244,97.087,Streptococcus parasanguinis 20925_1_10
Streptococcus_28244,97.087,Streptococcus n.sp. 20925_1_77
Streptococcus_28244,97.087,Streptococcus n.sp. 27098_8_12
Streptococcus_28244,97.087,Streptococcus parasanguinis 20925_1_143
Streptococcus_28244,97.087,Streptococcus n.sp. 27098_8_148
Streptococcus_28244,97.087,Streptococcus parasanguinis 27098_8_150
Streptococcus_28244,97.087,Streptococcus n.sp. 27098_8_177
Streptococcus_28244,97.087,Streptococcus n.sp. 27098_8_186
Streptococcus_28244,97.087,Streptococcus parasanguinis 27098_8_46
Streptococcus_28244,97.087,Streptococcus parasanguinis 27098_8_54
Streptococcus_28244,97.087,Streptococcus n.sp. 27098_8_66
Streptococcus_28244,97.087,Streptococcus n.sp. 27098_8_98
Streptococcus_28244,97.087,Streptococcus n.sp. 27098_8_99
Streptococcus_28244,95.631,Streptococcus anginosus 27098_8_173
Streptococcus_28244,95.146,Streptococcus pseudopneumoniae 20925_1_26
Streptococcus_28244,95.146,Streptococcus salivarius 20925_1_11
Streptococcus_28244,95.146,Streptococcus salivarius 20925_1_13
Streptococcus_28244,95.146,Streptococcus salivarius 27098_8_110
Streptococcus_28244,95.146,Streptococcus salivarius 27098_8_117
Streptococcus_28244,95.146,Streptococcus salivarius 27098_8_119
Streptococcus_28244,95.146,Streptococcus salivarius 27098_8_152
Streptococcus_28244,95.146,Streptococcus salivarius 27098_8_153
Streptococcus_28244,95.146,Streptococcus n.sp. 27098_8_74
Streptococcus_28244,96.602,Streptococcus n.sp. 20925_1_22
Streptococcus_28244,96.602,Streptococcus n.sp. 27098_8_134
Streptococcus_28244,96.602,Streptococcus sanguinis 27098_8_181
Streptococcus_28244,96.602,Streptococcus n.sp. 27098_8_82
Streptococcus_28245,97.087,Streptococcus constellatus 20925_1_21
Streptococcus_28245,96.117,Streptococcus n.sp. 27098_8_113
Streptococcus_28245,96.117,Streptococcus n.sp. 27098_8_73
Streptococcus_28245,95.631,Streptococcus gordonii 27098_8_101
Streptococcus_28245,95.631,Streptococcus n.sp. 27098_8_75
Streptococcus_28245,96.117,Streptococcus parasanguinis 20925_1_10
Streptococcus_28245,96.117,Streptococcus n.sp. 20925_1_77
Streptococcus_28245,96.117,Streptococcus n.sp. 27098_8_12
Streptococcus_28245,96.117,Streptococcus parasanguinis 20925_1_143
Streptococcus_28245,96.117,Streptococcus n.sp. 27098_8_148
Streptococcus_28245,96.117,Streptococcus parasanguinis 27098_8_150
Streptococcus_28245,96.117,Streptococcus n.sp. 27098_8_177
Streptococcus_28245,96.117,Streptococcus n.sp. 27098_8_186
Streptococcus_28245,96.117,Streptococcus parasanguinis 27098_8_46
Streptococcus_28245,96.117,Streptococcus parasanguinis 27098_8_54
Streptococcus_28245,96.117,Streptococcus n.sp. 27098_8_66
Streptococcus_28245,96.117,Streptococcus n.sp. 27098_8_98
Streptococcus_28245,96.117,Streptococcus n.sp. 27098_8_99
Streptococcus_28245,96.602,Streptococcus anginosus 27098_8_173
Streptococcus_28245,95.146,Streptococcus salivarius 20925_1_11
Streptococcus_28245,95.146,Streptococcus salivarius 20925_1_13
Streptococcus_28245,95.146,Streptococcus salivarius 27098_8_110
Streptococcus_28245,95.146,Streptococcus salivarius 27098_8_117
Streptococcus_28245,95.146,Streptococcus salivarius 27098_8_119
Streptococcus_28245,95.146,Streptococcus salivarius 27098_8_152
Streptococcus_28245,95.146,Streptococcus salivarius 27098_8_153
Streptococcus_28245,95.146,Streptococcus n.sp. 27098_8_74
Streptococcus_28245,95.631,Streptococcus n.sp. 20925_1_22
Streptococcus_28245,95.631,Streptococcus n.sp. 27098_8_134
Streptococcus_28245,95.631,Streptococcus sanguinis 27098_8_181
Streptococcus_28245,95.631,Streptococcus n.sp. 27098_8_82
Streptococcus_28252,95.146,Streptococcus constellatus 20925_1_21
Streptococcus_28436,,no_isolate
Streptococcus_28453,,no_isolate
Streptococcus_28454,95.146,Streptococcus chosunense 27098_8_53
Streptococcus_28454,95.146,Streptococcus n.sp. 27098_8_86
Streptococcus_28454,95.146,Streptococcus n.sp. 20925_1_44
Streptococcus_28454,95.146,Streptococcus n.sp. 27098_8_22
Streptococcus_28454,95.146,Streptococcus n.sp. 27098_8_69
Streptococcus_28454,95.146,Streptococcus n.sp. 27098_8_91
Streptococcus_28454,95.146,Streptococcus n.sp. 20925_1_69
Streptococcus_28454,95.146,Streptococcus n.sp. 27098_8_103
Streptococcus_28454,95.146,Streptococcus n.sp. 27098_8_109
Streptococcus_28454,95.146,Streptococcus n.sp. 27098_8_76
Streptococcus_28454,95.146,Streptococcus mitis 27098_8_87
Streptococcus_28454,95.146,Streptococcus n.sp. 27098_8_51
Streptococcus_28454,95.146,Streptococcus n.sp. 27098_8_70
Streptococcus_28454,95.146,Streptococcus pseudopneumoniae 20925_1_26
Streptococcus_28491,95.146,Streptococcus chosunense 27098_8_53
Streptococcus_28491,95.146,Streptococcus n.sp. 27098_8_86
Streptococcus_28491,95.631,Streptococcus n.sp. 27098_8_113
Streptococcus_28491,95.631,Streptococcus n.sp. 27098_8_73
Streptococcus_28491,96.117,Streptococcus gordonii 27098_8_101
Streptococcus_28491,96.117,Streptococcus n.sp. 27098_8_75
Streptococcus_28491,95.146,Streptococcus n.sp. 20925_1_44
Streptococcus_28491,95.146,Streptococcus n.sp. 27098_8_22
Streptococcus_28491,95.146,Streptococcus n.sp. 27098_8_69
Streptococcus_28491,95.146,Streptococcus n.sp. 27098_8_91
Streptococcus_28491,95.146,Streptococcus n.sp. 20925_1_69
Streptococcus_28491,95.146,Streptococcus n.sp. 27098_8_103
Streptococcus_28491,95.146,Streptococcus n.sp. 27098_8_109
Streptococcus_28491,95.146,Streptococcus n.sp. 27098_8_76
Streptococcus_28491,95.146,Streptococcus mitis 27098_8_87
Streptococcus_28491,95.146,Streptococcus n.sp. 27098_8_51
Streptococcus_28491,95.146,Streptococcus n.sp. 27098_8_70
Streptococcus_28491,95.631,Streptococcus parasanguinis 20925_1_10
Streptococcus_28491,95.631,Streptococcus n.sp. 20925_1_77
Streptococcus_28491,95.631,Streptococcus n.sp. 27098_8_12
Streptococcus_28491,95.631,Streptococcus parasanguinis 20925_1_143
Streptococcus_28491,95.631,Streptococcus n.sp. 27098_8_148
Streptococcus_28491,95.631,Streptococcus parasanguinis 27098_8_150
Streptococcus_28491,95.631,Streptococcus n.sp. 27098_8_177
Streptococcus_28491,95.631,Streptococcus n.sp. 27098_8_186
Streptococcus_28491,95.631,Streptococcus parasanguinis 27098_8_46
Streptococcus_28491,95.631,Streptococcus parasanguinis 27098_8_54
Streptococcus_28491,95.631,Streptococcus n.sp. 27098_8_66
Streptococcus_28491,95.631,Streptococcus n.sp. 27098_8_98
Streptococcus_28491,95.631,Streptococcus n.sp. 27098_8_99
Streptococcus_28491,95.146,Streptococcus pseudopneumoniae 20925_1_26
Streptococcus_28491,96.602,Streptococcus salivarius 20925_1_11
Streptococcus_28491,96.602,Streptococcus salivarius 20925_1_13
Streptococcus_28491,96.602,Streptococcus salivarius 27098_8_110
Streptococcus_28491,96.602,Streptococcus salivarius 27098_8_117
Streptococcus_28491,96.602,Streptococcus salivarius 27098_8_119
Streptococcus_28491,96.602,Streptococcus salivarius 27098_8_152
Streptococcus_28491,96.602,Streptococcus salivarius 27098_8_153
Streptococcus_28491,96.602,Streptococcus n.sp. 27098_8_74
Streptococcus_28491,95.146,Streptococcus n.sp. 20925_1_22
Streptococcus_28491,95.146,Streptococcus n.sp. 27098_8_134
Streptococcus_28491,95.146,Streptococcus sanguinis 27098_8_181
Streptococcus_28491,95.146,Streptococcus n.sp. 27098_8_82
Streptococcus_28662,98.058,Streptococcus chosunense 27098_8_53
Streptococcus_28662,98.058,Streptococcus n.sp. 27098_8_86
Streptococcus_28662,96.117,Streptococcus n.sp. 27098_8_113
Streptococcus_28662,96.117,Streptococcus n.sp. 27098_8_73
Streptococcus_28662,95.631,Streptococcus gordonii 27098_8_101
Streptococcus_28662,95.631,Streptococcus n.sp. 27098_8_75
Streptococcus_28662,98.058,Streptococcus n.sp. 20925_1_44
Streptococcus_28662,98.058,Streptococcus n.sp. 27098_8_22
Streptococcus_28662,98.058,Streptococcus n.sp. 27098_8_69
Streptococcus_28662,98.058,Streptococcus n.sp. 27098_8_91
Streptococcus_28662,98.058,Streptococcus n.sp. 20925_1_69
Streptococcus_28662,98.058,Streptococcus n.sp. 27098_8_103
Streptococcus_28662,98.058,Streptococcus n.sp. 27098_8_109
Streptococcus_28662,98.058,Streptococcus n.sp. 27098_8_76
Streptococcus_28662,98.058,Streptococcus mitis 27098_8_87
Streptococcus_28662,97.573,Streptococcus n.sp. 27098_8_23
Streptococcus_28662,98.058,Streptococcus n.sp. 27098_8_51
Streptococcus_28662,98.058,Streptococcus n.sp. 27098_8_70
Streptococcus_28662,96.117,Streptococcus parasanguinis 20925_1_10
Streptococcus_28662,96.117,Streptococcus n.sp. 20925_1_77
Streptococcus_28662,96.117,Streptococcus n.sp. 27098_8_12
Streptococcus_28662,96.117,Streptococcus parasanguinis 20925_1_143
Streptococcus_28662,96.117,Streptococcus n.sp. 27098_8_148
Streptococcus_28662,96.117,Streptococcus parasanguinis 27098_8_150
Streptococcus_28662,96.117,Streptococcus n.sp. 27098_8_177
Streptococcus_28662,96.117,Streptococcus n.sp. 27098_8_186
Streptococcus_28662,96.117,Streptococcus parasanguinis 27098_8_46
Streptococcus_28662,96.117,Streptococcus parasanguinis 27098_8_54
Streptococcus_28662,96.117,Streptococcus n.sp. 27098_8_66
Streptococcus_28662,96.117,Streptococcus n.sp. 27098_8_98
Streptococcus_28662,96.117,Streptococcus n.sp. 27098_8_99
Streptococcus_28662,98.058,Streptococcus pseudopneumoniae 20925_1_26
Streptococcus_28662,95.631,Streptococcus n.sp. 20925_1_22
Streptococcus_28662,95.631,Streptococcus n.sp. 27098_8_134
Streptococcus_28662,95.631,Streptococcus sanguinis 27098_8_181
Streptococcus_28662,95.631,Streptococcus n.sp. 27098_8_82
Streptococcus_28716,,no_isolate
Lactococcus_28721,,no_isolate
Streptococcus_28909,,no_isolate
Streptococcus_28923,,no_isolate
Streptococcus_28932,,no_isolate
Streptococcus_28972,96.117,Streptococcus chosunense 27098_8_53
Streptococcus_28972,96.117,Streptococcus n.sp. 27098_8_86
Streptococcus_28972,96.602,Streptococcus n.sp. 27098_8_113
Streptococcus_28972,96.602,Streptococcus n.sp. 27098_8_73
Streptococcus_28972,96.117,Streptococcus gordonii 27098_8_101
Streptococcus_28972,96.117,Streptococcus n.sp. 27098_8_75
Streptococcus_28972,96.117,Streptococcus n.sp. 20925_1_44
Streptococcus_28972,96.117,Streptococcus n.sp. 27098_8_22
Streptococcus_28972,96.117,Streptococcus n.sp. 27098_8_69
Streptococcus_28972,96.117,Streptococcus n.sp. 27098_8_91
Streptococcus_28972,96.117,Streptococcus n.sp. 20925_1_69
Streptococcus_28972,96.117,Streptococcus n.sp. 27098_8_103
Streptococcus_28972,96.117,Streptococcus n.sp. 27098_8_109
Streptococcus_28972,96.117,Streptococcus n.sp. 27098_8_76
Streptococcus_28972,96.117,Streptococcus mitis 27098_8_87
Streptococcus_28972,95.631,Streptococcus n.sp. 27098_8_23
Streptococcus_28972,96.117,Streptococcus n.sp. 27098_8_51
Streptococcus_28972,96.117,Streptococcus n.sp. 27098_8_70
Streptococcus_28972,96.602,Streptococcus parasanguinis 20925_1_10
Streptococcus_28972,96.602,Streptococcus n.sp. 20925_1_77
Streptococcus_28972,96.602,Streptococcus n.sp. 27098_8_12
Streptococcus_28972,96.602,Streptococcus parasanguinis 20925_1_143
Streptococcus_28972,96.602,Streptococcus n.sp. 27098_8_148
Streptococcus_28972,96.602,Streptococcus parasanguinis 27098_8_150
Streptococcus_28972,96.602,Streptococcus n.sp. 27098_8_177
Streptococcus_28972,96.602,Streptococcus n.sp. 27098_8_186
Streptococcus_28972,96.602,Streptococcus parasanguinis 27098_8_46
Streptococcus_28972,96.602,Streptococcus parasanguinis 27098_8_54
Streptococcus_28972,96.602,Streptococcus n.sp. 27098_8_66
Streptococcus_28972,96.602,Streptococcus n.sp. 27098_8_98
Streptococcus_28972,96.602,Streptococcus n.sp. 27098_8_99
Streptococcus_28972,96.117,Streptococcus pseudopneumoniae 20925_1_26
Streptococcus_28972,96.602,Streptococcus salivarius 20925_1_11
Streptococcus_28972,96.602,Streptococcus salivarius 20925_1_13
Streptococcus_28972,96.602,Streptococcus salivarius 27098_8_110
Streptococcus_28972,96.602,Streptococcus salivarius 27098_8_117
Streptococcus_28972,96.602,Streptococcus salivarius 27098_8_119
Streptococcus_28972,96.602,Streptococcus salivarius 27098_8_152
Streptococcus_28972,96.602,Streptococcus salivarius 27098_8_153
Streptococcus_28972,96.602,Streptococcus n.sp. 27098_8_74
Streptococcus_28972,96.117,Streptococcus n.sp. 20925_1_22
Streptococcus_28972,96.117,Streptococcus n.sp. 27098_8_134
Streptococcus_28972,96.117,Streptococcus sanguinis 27098_8_181
Streptococcus_28972,96.117,Streptococcus n.sp. 27098_8_82
Streptococcus_28977,96.602,Streptococcus chosunense 27098_8_53
Streptococcus_28977,96.602,Streptococcus n.sp. 27098_8_86
Streptococcus_28977,97.087,Streptococcus constellatus 20925_1_21
Streptococcus_28977,98.544,Streptococcus n.sp. 27098_8_113
Streptococcus_28977,98.544,Streptococcus n.sp. 27098_8_73
Streptococcus_28977,98.058,Streptococcus gordonii 27098_8_101
Streptococcus_28977,98.058,Streptococcus n.sp. 27098_8_75
Streptococcus_28977,96.602,Streptococcus n.sp. 20925_1_44
Streptococcus_28977,96.602,Streptococcus n.sp. 27098_8_22
Streptococcus_28977,96.602,Streptococcus n.sp. 27098_8_69
Streptococcus_28977,96.602,Streptococcus n.sp. 27098_8_91
Streptococcus_28977,96.602,Streptococcus n.sp. 20925_1_69
Streptococcus_28977,96.602,Streptococcus n.sp. 27098_8_103
Streptococcus_28977,96.602,Streptococcus n.sp. 27098_8_109
Streptococcus_28977,96.602,Streptococcus n.sp. 27098_8_76
Streptococcus_28977,96.602,Streptococcus mitis 27098_8_87
Streptococcus_28977,96.117,Streptococcus n.sp. 27098_8_23
Streptococcus_28977,96.602,Streptococcus n.sp. 27098_8_51
Streptococcus_28977,96.602,Streptococcus n.sp. 27098_8_70
Streptococcus_28977,98.544,Streptococcus parasanguinis 20925_1_10
Streptococcus_28977,98.544,Streptococcus n.sp. 20925_1_77
Streptococcus_28977,98.544,Streptococcus n.sp. 27098_8_12
Streptococcus_28977,98.544,Streptococcus parasanguinis 20925_1_143
Streptococcus_28977,98.544,Streptococcus n.sp. 27098_8_148
Streptococcus_28977,98.544,Streptococcus parasanguinis 27098_8_150
Streptococcus_28977,98.544,Streptococcus n.sp. 27098_8_177
Streptococcus_28977,98.544,Streptococcus n.sp. 27098_8_186
Streptococcus_28977,98.544,Streptococcus parasanguinis 27098_8_46
Streptococcus_28977,98.544,Streptococcus parasanguinis 27098_8_54
Streptococcus_28977,98.544,Streptococcus n.sp. 27098_8_66
Streptococcus_28977,98.544,Streptococcus n.sp. 27098_8_98
Streptococcus_28977,98.544,Streptococcus n.sp. 27098_8_99
Streptococcus_28977,96.602,Streptococcus anginosus 27098_8_173
Streptococcus_28977,96.602,Streptococcus pseudopneumoniae 20925_1_26
Streptococcus_28977,97.573,Streptococcus salivarius 20925_1_11
Streptococcus_28977,97.573,Streptococcus salivarius 20925_1_13
Streptococcus_28977,97.573,Streptococcus salivarius 27098_8_110
Streptococcus_28977,97.573,Streptococcus salivarius 27098_8_117
Streptococcus_28977,97.573,Streptococcus salivarius 27098_8_119
Streptococcus_28977,97.573,Streptococcus salivarius 27098_8_152
Streptococcus_28977,97.573,Streptococcus salivarius 27098_8_153
Streptococcus_28977,97.573,Streptococcus n.sp. 27098_8_74
Streptococcus_28977,99.029,Streptococcus n.sp. 20925_1_22
Streptococcus_28977,99.029,Streptococcus n.sp. 27098_8_134
Streptococcus_28977,99.029,Streptococcus sanguinis 27098_8_181
Streptococcus_28977,99.029,Streptococcus n.sp. 27098_8_82
Streptococcus_29011,95.631,Streptococcus chosunense 27098_8_53
Streptococcus_29011,95.631,Streptococcus n.sp. 27098_8_86
Streptococcus_29011,96.602,Streptococcus constellatus 20925_1_21
Streptococcus_29011,97.573,Streptococcus n.sp. 27098_8_113
Streptococcus_29011,97.573,Streptococcus n.sp. 27098_8_73
Streptococcus_29011,98.058,Streptococcus gordonii 27098_8_101
Streptococcus_29011,98.058,Streptococcus n.sp. 27098_8_75
Streptococcus_29011,95.631,Streptococcus n.sp. 20925_1_44
Streptococcus_29011,95.631,Streptococcus n.sp. 27098_8_22
Streptococcus_29011,95.631,Streptococcus n.sp. 27098_8_69
Streptococcus_29011,95.631,Streptococcus n.sp. 27098_8_91
Streptococcus_29011,95.631,Streptococcus n.sp. 20925_1_69
Streptococcus_29011,95.631,Streptococcus n.sp. 27098_8_103
Streptococcus_29011,95.631,Streptococcus n.sp. 27098_8_109
Streptococcus_29011,95.631,Streptococcus n.sp. 27098_8_76
Streptococcus_29011,95.631,Streptococcus mitis 27098_8_87
Streptococcus_29011,95.146,Streptococcus n.sp. 27098_8_23
Streptococcus_29011,95.631,Streptococcus n.sp. 27098_8_51
Streptococcus_29011,95.631,Streptococcus n.sp. 27098_8_70
Streptococcus_29011,97.573,Streptococcus parasanguinis 20925_1_10
Streptococcus_29011,97.573,Streptococcus n.sp. 20925_1_77
Streptococcus_29011,97.573,Streptococcus n.sp. 27098_8_12
Streptococcus_29011,97.573,Streptococcus parasanguinis 20925_1_143
Streptococcus_29011,97.573,Streptococcus n.sp. 27098_8_148
Streptococcus_29011,97.573,Streptococcus parasanguinis 27098_8_150
Streptococcus_29011,97.573,Streptococcus n.sp. 27098_8_177
Streptococcus_29011,97.573,Streptococcus n.sp. 27098_8_186
Streptococcus_29011,97.573,Streptococcus parasanguinis 27098_8_46
Streptococcus_29011,97.573,Streptococcus parasanguinis 27098_8_54
Streptococcus_29011,97.573,Streptococcus n.sp. 27098_8_66
Streptococcus_29011,97.573,Streptococcus n.sp. 27098_8_98
Streptococcus_29011,97.573,Streptococcus n.sp. 27098_8_99
Streptococcus_29011,96.117,Streptococcus anginosus 27098_8_173
Streptococcus_29011,95.631,Streptococcus pseudopneumoniae 20925_1_26
Streptococcus_29011,99.515,Streptococcus salivarius 20925_1_11
Streptococcus_29011,99.515,Streptococcus salivarius 20925_1_13
Streptococcus_29011,99.515,Streptococcus salivarius 27098_8_110
Streptococcus_29011,99.515,Streptococcus salivarius 27098_8_117
Streptococcus_29011,99.515,Streptococcus salivarius 27098_8_119
Streptococcus_29011,99.515,Streptococcus salivarius 27098_8_152
Streptococcus_29011,99.515,Streptococcus salivarius 27098_8_153
Streptococcus_29011,99.515,Streptococcus n.sp. 27098_8_74
Streptococcus_29011,97.087,Streptococcus n.sp. 20925_1_22
Streptococcus_29011,97.087,Streptococcus n.sp. 27098_8_134
Streptococcus_29011,97.087,Streptococcus sanguinis 27098_8_181
Streptococcus_29011,97.087,Streptococcus n.sp. 27098_8_82
Streptococcus_29101,96.602,Streptococcus salivarius 20925_1_11
Streptococcus_29101,96.602,Streptococcus salivarius 20925_1_13
Streptococcus_29101,96.602,Streptococcus salivarius 27098_8_110
Streptococcus_29101,96.602,Streptococcus salivarius 27098_8_117
Streptococcus_29101,96.602,Streptococcus salivarius 27098_8_119
Streptococcus_29101,96.602,Streptococcus salivarius 27098_8_152
Streptococcus_29101,96.602,Streptococcus salivarius 27098_8_153
Streptococcus_29101,96.602,Streptococcus n.sp. 27098_8_74
Streptococcus_29111,,no_isolate
Streptococcus_29393,95.631,Streptococcus constellatus 20925_1_21
Streptococcus_29393,96.602,Streptococcus n.sp. 27098_8_113
Streptococcus_29393,96.602,Streptococcus n.sp. 27098_8_73
Streptococcus_29393,97.087,Streptococcus gordonii 27098_8_101
Streptococcus_29393,97.087,Streptococcus n.sp. 27098_8_75
Streptococcus_29393,96.602,Streptococcus parasanguinis 20925_1_10
Streptococcus_29393,96.602,Streptococcus n.sp. 20925_1_77
Streptococcus_29393,96.602,Streptococcus n.sp. 27098_8_12
Streptococcus_29393,96.602,Streptococcus parasanguinis 20925_1_143
Streptococcus_29393,96.602,Streptococcus n.sp. 27098_8_148
Streptococcus_29393,96.602,Streptococcus parasanguinis 27098_8_150
Streptococcus_29393,96.602,Streptococcus n.sp. 27098_8_177
Streptococcus_29393,96.602,Streptococcus n.sp. 27098_8_186
Streptococcus_29393,96.602,Streptococcus parasanguinis 27098_8_46
Streptococcus_29393,96.602,Streptococcus parasanguinis 27098_8_54
Streptococcus_29393,96.602,Streptococcus n.sp. 27098_8_66
Streptococcus_29393,96.602,Streptococcus n.sp. 27098_8_98
Streptococcus_29393,96.602,Streptococcus n.sp. 27098_8_99
Streptococcus_29393,95.146,Streptococcus anginosus 27098_8_173
Streptococcus_29393,99.515,Streptococcus salivarius 20925_1_11
Streptococcus_29393,99.515,Streptococcus salivarius 20925_1_13
Streptococcus_29393,99.515,Streptococcus salivarius 27098_8_110
Streptococcus_29393,99.515,Streptococcus salivarius 27098_8_117
Streptococcus_29393,99.515,Streptococcus salivarius 27098_8_119
Streptococcus_29393,99.515,Streptococcus salivarius 27098_8_152
Streptococcus_29393,99.515,Streptococcus salivarius 27098_8_153
Streptococcus_29393,99.515,Streptococcus n.sp. 27098_8_74
Streptococcus_29393,96.117,Streptococcus n.sp. 20925_1_22
Streptococcus_29393,96.117,Streptococcus n.sp. 27098_8_134
Streptococcus_29393,96.117,Streptococcus sanguinis 27098_8_181
Streptococcus_29393,96.117,Streptococcus n.sp. 27098_8_82
Streptococcus_29395,95.631,Streptococcus constellatus 20925_1_21
Streptococcus_29395,96.602,Streptococcus n.sp. 27098_8_113
Streptococcus_29395,96.602,Streptococcus n.sp. 27098_8_73
Streptococcus_29395,97.087,Streptococcus gordonii 27098_8_101
Streptococcus_29395,97.087,Streptococcus n.sp. 27098_8_75
Streptococcus_29395,96.602,Streptococcus parasanguinis 20925_1_10
Streptococcus_29395,96.602,Streptococcus n.sp. 20925_1_77
Streptococcus_29395,96.602,Streptococcus n.sp. 27098_8_12
Streptococcus_29395,96.602,Streptococcus parasanguinis 20925_1_143
Streptococcus_29395,96.602,Streptococcus n.sp. 27098_8_148
Streptococcus_29395,96.602,Streptococcus parasanguinis 27098_8_150
Streptococcus_29395,96.602,Streptococcus n.sp. 27098_8_177
Streptococcus_29395,96.602,Streptococcus n.sp. 27098_8_186
Streptococcus_29395,96.602,Streptococcus parasanguinis 27098_8_46
Streptococcus_29395,96.602,Streptococcus parasanguinis 27098_8_54
Streptococcus_29395,96.602,Streptococcus n.sp. 27098_8_66
Streptococcus_29395,96.602,Streptococcus n.sp. 27098_8_98
Streptococcus_29395,96.602,Streptococcus n.sp. 27098_8_99
Streptococcus_29395,95.146,Streptococcus anginosus 27098_8_173
Streptococcus_29395,99.515,Streptococcus salivarius 20925_1_11
Streptococcus_29395,99.515,Streptococcus salivarius 20925_1_13
Streptococcus_29395,99.515,Streptococcus salivarius 27098_8_110
Streptococcus_29395,99.515,Streptococcus salivarius 27098_8_117
Streptococcus_29395,99.515,Streptococcus salivarius 27098_8_119
Streptococcus_29395,99.515,Streptococcus salivarius 27098_8_152
Streptococcus_29395,99.515,Streptococcus salivarius 27098_8_153
Streptococcus_29395,99.515,Streptococcus n.sp. 27098_8_74
Streptococcus_29395,96.117,Streptococcus n.sp. 20925_1_22
Streptococcus_29395,96.117,Streptococcus n.sp. 27098_8_134
Streptococcus_29395,96.117,Streptococcus sanguinis 27098_8_181
Streptococcus_29395,96.117,Streptococcus n.sp. 27098_8_82
Atopobium_29754,99.515,Veillonella infantium 27098_8_111
Atopobium_29755,99.029,Veillonella infantium 27098_8_111
Atopobium_29789,97.101,Veillonella infantium 27098_8_111
Atopobium_29797,98.058,Veillonella infantium 27098_8_111
Atopobium_29817,96.602,Veillonella infantium 27098_8_111
Atopobium_29830,100,Veillonella infantium 27098_8_111
Atopobium_29831,99.515,Veillonella infantium 27098_8_111
Atopobium_29847,99.515,Veillonella infantium 27098_8_111
Streptococcus_30012,95.631,Streptococcus n.sp. 27098_8_113
Streptococcus_30012,95.631,Streptococcus n.sp. 27098_8_73
Streptococcus_30012,96.117,Streptococcus gordonii 27098_8_101
Streptococcus_30012,96.117,Streptococcus n.sp. 27098_8_75
Streptococcus_30012,95.631,Streptococcus parasanguinis 20925_1_10
Streptococcus_30012,95.631,Streptococcus n.sp. 20925_1_77
Streptococcus_30012,95.631,Streptococcus n.sp. 27098_8_12
Streptococcus_30012,95.631,Streptococcus parasanguinis 20925_1_143
Streptococcus_30012,95.631,Streptococcus n.sp. 27098_8_148
Streptococcus_30012,95.631,Streptococcus parasanguinis 27098_8_150
Streptococcus_30012,95.631,Streptococcus n.sp. 27098_8_177
Streptococcus_30012,95.631,Streptococcus n.sp. 27098_8_186
Streptococcus_30012,95.631,Streptococcus parasanguinis 27098_8_46
Streptococcus_30012,95.631,Streptococcus parasanguinis 27098_8_54
Streptococcus_30012,95.631,Streptococcus n.sp. 27098_8_66
Streptococcus_30012,95.631,Streptococcus n.sp. 27098_8_98
Streptococcus_30012,95.631,Streptococcus n.sp. 27098_8_99
Streptococcus_30012,98.544,Streptococcus salivarius 20925_1_11
Streptococcus_30012,98.544,Streptococcus salivarius 20925_1_13
Streptococcus_30012,98.544,Streptococcus salivarius 27098_8_110
Streptococcus_30012,98.544,Streptococcus salivarius 27098_8_117
Streptococcus_30012,98.544,Streptococcus salivarius 27098_8_119
Streptococcus_30012,98.544,Streptococcus salivarius 27098_8_152
Streptococcus_30012,98.544,Streptococcus salivarius 27098_8_153
Streptococcus_30012,98.544,Streptococcus n.sp. 27098_8_74
Streptococcus_30012,95.146,Streptococcus n.sp. 20925_1_22
Streptococcus_30012,95.146,Streptococcus n.sp. 27098_8_134
Streptococcus_30012,95.146,Streptococcus sanguinis 27098_8_181
Streptococcus_30012,95.146,Streptococcus n.sp. 27098_8_82
Streptococcus_30030,95.146,Streptococcus gordonii 27098_8_101
Streptococcus_30030,95.146,Streptococcus n.sp. 27098_8_75
Streptococcus_30030,96.602,Streptococcus salivarius 20925_1_11
Streptococcus_30030,96.602,Streptococcus salivarius 20925_1_13
Streptococcus_30030,96.602,Streptococcus salivarius 27098_8_110
Streptococcus_30030,96.602,Streptococcus salivarius 27098_8_117
Streptococcus_30030,96.602,Streptococcus salivarius 27098_8_119
Streptococcus_30030,96.602,Streptococcus salivarius 27098_8_152
Streptococcus_30030,96.602,Streptococcus salivarius 27098_8_153
Streptococcus_30030,96.602,Streptococcus n.sp. 27098_8_74
Streptococcus_30170,95.631,Streptococcus constellatus 20925_1_21
Streptococcus_30170,96.602,Streptococcus n.sp. 27098_8_113
Streptococcus_30170,96.602,Streptococcus n.sp. 27098_8_73
Streptococcus_30170,97.087,Streptococcus gordonii 27098_8_101
Streptococcus_30170,97.087,Streptococcus n.sp. 27098_8_75
Streptococcus_30170,96.602,Streptococcus parasanguinis 20925_1_10
Streptococcus_30170,96.602,Streptococcus n.sp. 20925_1_77
Streptococcus_30170,96.602,Streptococcus n.sp. 27098_8_12
Streptococcus_30170,96.602,Streptococcus parasanguinis 20925_1_143
Streptococcus_30170,96.602,Streptococcus n.sp. 27098_8_148
Streptococcus_30170,96.602,Streptococcus parasanguinis 27098_8_150
Streptococcus_30170,96.602,Streptococcus n.sp. 27098_8_177
Streptococcus_30170,96.602,Streptococcus n.sp. 27098_8_186
Streptococcus_30170,96.602,Streptococcus parasanguinis 27098_8_46
Streptococcus_30170,96.602,Streptococcus parasanguinis 27098_8_54
Streptococcus_30170,96.602,Streptococcus n.sp. 27098_8_66
Streptococcus_30170,96.602,Streptococcus n.sp. 27098_8_98
Streptococcus_30170,96.602,Streptococcus n.sp. 27098_8_99
Streptococcus_30170,95.146,Streptococcus anginosus 27098_8_173
Streptococcus_30170,99.515,Streptococcus salivarius 20925_1_11
Streptococcus_30170,99.515,Streptococcus salivarius 20925_1_13
Streptococcus_30170,99.515,Streptococcus salivarius 27098_8_110
Streptococcus_30170,99.515,Streptococcus salivarius 27098_8_117
Streptococcus_30170,99.515,Streptococcus salivarius 27098_8_119
Streptococcus_30170,99.515,Streptococcus salivarius 27098_8_152
Streptococcus_30170,99.515,Streptococcus salivarius 27098_8_153
Streptococcus_30170,99.515,Streptococcus n.sp. 27098_8_74
Streptococcus_30170,96.117,Streptococcus n.sp. 20925_1_22
Streptococcus_30170,96.117,Streptococcus n.sp. 27098_8_134
Streptococcus_30170,96.117,Streptococcus sanguinis 27098_8_181
Streptococcus_30170,96.117,Streptococcus n.sp. 27098_8_82
Streptococcus_30171,95.146,Streptococcus constellatus 20925_1_21
Streptococcus_30171,96.117,Streptococcus n.sp. 27098_8_113
Streptococcus_30171,96.117,Streptococcus n.sp. 27098_8_73
Streptococcus_30171,96.602,Streptococcus gordonii 27098_8_101
Streptococcus_30171,96.602,Streptococcus n.sp. 27098_8_75
Streptococcus_30171,96.117,Streptococcus parasanguinis 20925_1_10
Streptococcus_30171,96.117,Streptococcus n.sp. 20925_1_77
Streptococcus_30171,96.117,Streptococcus n.sp. 27098_8_12
Streptococcus_30171,96.117,Streptococcus parasanguinis 20925_1_143
Streptococcus_30171,96.117,Streptococcus n.sp. 27098_8_148
Streptococcus_30171,96.117,Streptococcus parasanguinis 27098_8_150
Streptococcus_30171,96.117,Streptococcus n.sp. 27098_8_177
Streptococcus_30171,96.117,Streptococcus n.sp. 27098_8_186
Streptococcus_30171,96.117,Streptococcus parasanguinis 27098_8_46
Streptococcus_30171,96.117,Streptococcus parasanguinis 27098_8_54
Streptococcus_30171,96.117,Streptococcus n.sp. 27098_8_66
Streptococcus_30171,96.117,Streptococcus n.sp. 27098_8_98
Streptococcus_30171,96.117,Streptococcus n.sp. 27098_8_99
Streptococcus_30171,99.029,Streptococcus salivarius 20925_1_11
Streptococcus_30171,99.029,Streptococcus salivarius 20925_1_13
Streptococcus_30171,99.029,Streptococcus salivarius 27098_8_110
Streptococcus_30171,99.029,Streptococcus salivarius 27098_8_117
Streptococcus_30171,99.029,Streptococcus salivarius 27098_8_119
Streptococcus_30171,99.029,Streptococcus salivarius 27098_8_152
Streptococcus_30171,99.029,Streptococcus salivarius 27098_8_153
Streptococcus_30171,99.029,Streptococcus n.sp. 27098_8_74
Streptococcus_30171,95.631,Streptococcus n.sp. 20925_1_22
Streptococcus_30171,95.631,Streptococcus n.sp. 27098_8_134
Streptococcus_30171,95.631,Streptococcus sanguinis 27098_8_181
Streptococcus_30171,95.631,Streptococcus n.sp. 27098_8_82
Streptococcus_30177,95.631,Streptococcus constellatus 20925_1_21
Streptococcus_30177,96.602,Streptococcus n.sp. 27098_8_113
Streptococcus_30177,96.602,Streptococcus n.sp. 27098_8_73
Streptococcus_30177,97.087,Streptococcus gordonii 27098_8_101
Streptococcus_30177,97.087,Streptococcus n.sp. 27098_8_75
Streptococcus_30177,96.602,Streptococcus parasanguinis 20925_1_10
Streptococcus_30177,96.602,Streptococcus n.sp. 20925_1_77
Streptococcus_30177,96.602,Streptococcus n.sp. 27098_8_12
Streptococcus_30177,96.602,Streptococcus parasanguinis 20925_1_143
Streptococcus_30177,96.602,Streptococcus n.sp. 27098_8_148
Streptococcus_30177,96.602,Streptococcus parasanguinis 27098_8_150
Streptococcus_30177,96.602,Streptococcus n.sp. 27098_8_177
Streptococcus_30177,96.602,Streptococcus n.sp. 27098_8_186
Streptococcus_30177,96.602,Streptococcus parasanguinis 27098_8_46
Streptococcus_30177,96.602,Streptococcus parasanguinis 27098_8_54
Streptococcus_30177,96.602,Streptococcus n.sp. 27098_8_66
Streptococcus_30177,96.602,Streptococcus n.sp. 27098_8_98
Streptococcus_30177,96.602,Streptococcus n.sp. 27098_8_99
Streptococcus_30177,95.146,Streptococcus anginosus 27098_8_173
Streptococcus_30177,99.515,Streptococcus salivarius 20925_1_11
Streptococcus_30177,99.515,Streptococcus salivarius 20925_1_13
Streptococcus_30177,99.515,Streptococcus salivarius 27098_8_110
Streptococcus_30177,99.515,Streptococcus salivarius 27098_8_117
Streptococcus_30177,99.515,Streptococcus salivarius 27098_8_119
Streptococcus_30177,99.515,Streptococcus salivarius 27098_8_152
Streptococcus_30177,99.515,Streptococcus salivarius 27098_8_153
Streptococcus_30177,99.515,Streptococcus n.sp. 27098_8_74
Streptococcus_30177,96.117,Streptococcus n.sp. 20925_1_22
Streptococcus_30177,96.117,Streptococcus n.sp. 27098_8_134
Streptococcus_30177,96.117,Streptococcus sanguinis 27098_8_181
Streptococcus_30177,96.117,Streptococcus n.sp. 27098_8_82
Streptococcus_30180,95.631,Streptococcus constellatus 20925_1_21
Streptococcus_30180,96.602,Streptococcus n.sp. 27098_8_113
Streptococcus_30180,96.602,Streptococcus n.sp. 27098_8_73
Streptococcus_30180,97.087,Streptococcus gordonii 27098_8_101
Streptococcus_30180,97.087,Streptococcus n.sp. 27098_8_75
Streptococcus_30180,96.602,Streptococcus parasanguinis 20925_1_10
Streptococcus_30180,96.602,Streptococcus n.sp. 20925_1_77
Streptococcus_30180,96.602,Streptococcus n.sp. 27098_8_12
Streptococcus_30180,96.602,Streptococcus parasanguinis 20925_1_143
Streptococcus_30180,96.602,Streptococcus n.sp. 27098_8_148
Streptococcus_30180,96.602,Streptococcus parasanguinis 27098_8_150
Streptococcus_30180,96.602,Streptococcus n.sp. 27098_8_177
Streptococcus_30180,96.602,Streptococcus n.sp. 27098_8_186
Streptococcus_30180,96.602,Streptococcus parasanguinis 27098_8_46
Streptococcus_30180,96.602,Streptococcus parasanguinis 27098_8_54
Streptococcus_30180,96.602,Streptococcus n.sp. 27098_8_66
Streptococcus_30180,96.602,Streptococcus n.sp. 27098_8_98
Streptococcus_30180,96.602,Streptococcus n.sp. 27098_8_99
Streptococcus_30180,95.146,Streptococcus anginosus 27098_8_173
Streptococcus_30180,99.515,Streptococcus salivarius 20925_1_11
Streptococcus_30180,99.515,Streptococcus salivarius 20925_1_13
Streptococcus_30180,99.515,Streptococcus salivarius 27098_8_110
Streptococcus_30180,99.515,Streptococcus salivarius 27098_8_117
Streptococcus_30180,99.515,Streptococcus salivarius 27098_8_119
Streptococcus_30180,99.515,Streptococcus salivarius 27098_8_152
Streptococcus_30180,99.515,Streptococcus salivarius 27098_8_153
Streptococcus_30180,99.515,Streptococcus n.sp. 27098_8_74
Streptococcus_30180,96.117,Streptococcus n.sp. 20925_1_22
Streptococcus_30180,96.117,Streptococcus n.sp. 27098_8_134
Streptococcus_30180,96.117,Streptococcus sanguinis 27098_8_181
Streptococcus_30180,96.117,Streptococcus n.sp. 27098_8_82
Streptococcus_30181,95.631,Streptococcus constellatus 20925_1_21
Streptococcus_30181,96.602,Streptococcus n.sp. 27098_8_113
Streptococcus_30181,96.602,Streptococcus n.sp. 27098_8_73
Streptococcus_30181,97.087,Streptococcus gordonii 27098_8_101
Streptococcus_30181,97.087,Streptococcus n.sp. 27098_8_75
Streptococcus_30181,96.602,Streptococcus parasanguinis 20925_1_10
Streptococcus_30181,96.602,Streptococcus n.sp. 20925_1_77
Streptococcus_30181,96.602,Streptococcus n.sp. 27098_8_12
Streptococcus_30181,96.602,Streptococcus parasanguinis 20925_1_143
Streptococcus_30181,96.602,Streptococcus n.sp. 27098_8_148
Streptococcus_30181,96.602,Streptococcus parasanguinis 27098_8_150
Streptococcus_30181,96.602,Streptococcus n.sp. 27098_8_177
Streptococcus_30181,96.602,Streptococcus n.sp. 27098_8_186
Streptococcus_30181,96.602,Streptococcus parasanguinis 27098_8_46
Streptococcus_30181,96.602,Streptococcus parasanguinis 27098_8_54
Streptococcus_30181,96.602,Streptococcus n.sp. 27098_8_66
Streptococcus_30181,96.602,Streptococcus n.sp. 27098_8_98
Streptococcus_30181,96.602,Streptococcus n.sp. 27098_8_99
Streptococcus_30181,95.146,Streptococcus anginosus 27098_8_173
Streptococcus_30181,99.515,Streptococcus salivarius 20925_1_11
Streptococcus_30181,99.515,Streptococcus salivarius 20925_1_13
Streptococcus_30181,99.515,Streptococcus salivarius 27098_8_110
Streptococcus_30181,99.515,Streptococcus salivarius 27098_8_117
Streptococcus_30181,99.515,Streptococcus salivarius 27098_8_119
Streptococcus_30181,99.515,Streptococcus salivarius 27098_8_152
Streptococcus_30181,99.515,Streptococcus salivarius 27098_8_153
Streptococcus_30181,99.515,Streptococcus n.sp. 27098_8_74
Streptococcus_30181,96.117,Streptococcus n.sp. 20925_1_22
Streptococcus_30181,96.117,Streptococcus n.sp. 27098_8_134
Streptococcus_30181,96.117,Streptococcus sanguinis 27098_8_181
Streptococcus_30181,96.117,Streptococcus n.sp. 27098_8_82
Streptococcus_30182,95.631,Streptococcus constellatus 20925_1_21
Streptococcus_30182,96.602,Streptococcus n.sp. 27098_8_113
Streptococcus_30182,96.602,Streptococcus n.sp. 27098_8_73
Streptococcus_30182,97.087,Streptococcus gordonii 27098_8_101
Streptococcus_30182,97.087,Streptococcus n.sp. 27098_8_75
Streptococcus_30182,96.602,Streptococcus parasanguinis 20925_1_10
Streptococcus_30182,96.602,Streptococcus n.sp. 20925_1_77
Streptococcus_30182,96.602,Streptococcus n.sp. 27098_8_12
Streptococcus_30182,96.602,Streptococcus parasanguinis 20925_1_143
Streptococcus_30182,96.602,Streptococcus n.sp. 27098_8_148
Streptococcus_30182,96.602,Streptococcus parasanguinis 27098_8_150
Streptococcus_30182,96.602,Streptococcus n.sp. 27098_8_177
Streptococcus_30182,96.602,Streptococcus n.sp. 27098_8_186
Streptococcus_30182,96.602,Streptococcus parasanguinis 27098_8_46
Streptococcus_30182,96.602,Streptococcus parasanguinis 27098_8_54
Streptococcus_30182,96.602,Streptococcus n.sp. 27098_8_66
Streptococcus_30182,96.602,Streptococcus n.sp. 27098_8_98
Streptococcus_30182,96.602,Streptococcus n.sp. 27098_8_99
Streptococcus_30182,95.146,Streptococcus anginosus 27098_8_173
Streptococcus_30182,99.515,Streptococcus salivarius 20925_1_11
Streptococcus_30182,99.515,Streptococcus salivarius 20925_1_13
Streptococcus_30182,99.515,Streptococcus salivarius 27098_8_110
Streptococcus_30182,99.515,Streptococcus salivarius 27098_8_117
Streptococcus_30182,99.515,Streptococcus salivarius 27098_8_119
Streptococcus_30182,99.515,Streptococcus salivarius 27098_8_152
Streptococcus_30182,99.515,Streptococcus salivarius 27098_8_153
Streptococcus_30182,99.515,Streptococcus n.sp. 27098_8_74
Streptococcus_30182,96.117,Streptococcus n.sp. 20925_1_22
Streptococcus_30182,96.117,Streptococcus n.sp. 27098_8_134
Streptococcus_30182,96.117,Streptococcus sanguinis 27098_8_181
Streptococcus_30182,96.117,Streptococcus n.sp. 27098_8_82
Streptococcus_30184,95.631,Streptococcus constellatus 20925_1_21
Streptococcus_30184,96.602,Streptococcus n.sp. 27098_8_113
Streptococcus_30184,96.602,Streptococcus n.sp. 27098_8_73
Streptococcus_30184,97.087,Streptococcus gordonii 27098_8_101
Streptococcus_30184,97.087,Streptococcus n.sp. 27098_8_75
Streptococcus_30184,96.602,Streptococcus parasanguinis 20925_1_10
Streptococcus_30184,96.602,Streptococcus n.sp. 20925_1_77
Streptococcus_30184,96.602,Streptococcus n.sp. 27098_8_12
Streptococcus_30184,96.602,Streptococcus parasanguinis 20925_1_143
Streptococcus_30184,96.602,Streptococcus n.sp. 27098_8_148
Streptococcus_30184,96.602,Streptococcus parasanguinis 27098_8_150
Streptococcus_30184,96.602,Streptococcus n.sp. 27098_8_177
Streptococcus_30184,96.602,Streptococcus n.sp. 27098_8_186
Streptococcus_30184,96.602,Streptococcus parasanguinis 27098_8_46
Streptococcus_30184,96.602,Streptococcus parasanguinis 27098_8_54
Streptococcus_30184,96.602,Streptococcus n.sp. 27098_8_66
Streptococcus_30184,96.602,Streptococcus n.sp. 27098_8_98
Streptococcus_30184,96.602,Streptococcus n.sp. 27098_8_99
Streptococcus_30184,95.146,Streptococcus anginosus 27098_8_173
Streptococcus_30184,99.515,Streptococcus salivarius 20925_1_11
Streptococcus_30184,99.515,Streptococcus salivarius 20925_1_13
Streptococcus_30184,99.515,Streptococcus salivarius 27098_8_110
Streptococcus_30184,99.515,Streptococcus salivarius 27098_8_117
Streptococcus_30184,99.515,Streptococcus salivarius 27098_8_119
Streptococcus_30184,99.515,Streptococcus salivarius 27098_8_152
Streptococcus_30184,99.515,Streptococcus salivarius 27098_8_153
Streptococcus_30184,99.515,Streptococcus n.sp. 27098_8_74
Streptococcus_30184,96.117,Streptococcus n.sp. 20925_1_22
Streptococcus_30184,96.117,Streptococcus n.sp. 27098_8_134
Streptococcus_30184,96.117,Streptococcus sanguinis 27098_8_181
Streptococcus_30184,96.117,Streptococcus n.sp. 27098_8_82
Streptococcus_30198,95.631,Streptococcus constellatus 20925_1_21
Streptococcus_30198,96.602,Streptococcus n.sp. 27098_8_113
Streptococcus_30198,96.602,Streptococcus n.sp. 27098_8_73
Streptococcus_30198,97.087,Streptococcus gordonii 27098_8_101
Streptococcus_30198,97.087,Streptococcus n.sp. 27098_8_75
Streptococcus_30198,96.602,Streptococcus parasanguinis 20925_1_10
Streptococcus_30198,96.602,Streptococcus n.sp. 20925_1_77
Streptococcus_30198,96.602,Streptococcus n.sp. 27098_8_12
Streptococcus_30198,96.602,Streptococcus parasanguinis 20925_1_143
Streptococcus_30198,96.602,Streptococcus n.sp. 27098_8_148
Streptococcus_30198,96.602,Streptococcus parasanguinis 27098_8_150
Streptococcus_30198,96.602,Streptococcus n.sp. 27098_8_177
Streptococcus_30198,96.602,Streptococcus n.sp. 27098_8_186
Streptococcus_30198,96.602,Streptococcus parasanguinis 27098_8_46
Streptococcus_30198,96.602,Streptococcus parasanguinis 27098_8_54
Streptococcus_30198,96.602,Streptococcus n.sp. 27098_8_66
Streptococcus_30198,96.602,Streptococcus n.sp. 27098_8_98
Streptococcus_30198,96.602,Streptococcus n.sp. 27098_8_99
Streptococcus_30198,95.146,Streptococcus anginosus 27098_8_173
Streptococcus_30198,99.515,Streptococcus salivarius 20925_1_11
Streptococcus_30198,99.515,Streptococcus salivarius 20925_1_13
Streptococcus_30198,99.515,Streptococcus salivarius 27098_8_110
Streptococcus_30198,99.515,Streptococcus salivarius 27098_8_117
Streptococcus_30198,99.515,Streptococcus salivarius 27098_8_119
Streptococcus_30198,99.515,Streptococcus salivarius 27098_8_152
Streptococcus_30198,99.515,Streptococcus salivarius 27098_8_153
Streptococcus_30198,99.515,Streptococcus n.sp. 27098_8_74
Streptococcus_30198,96.117,Streptococcus n.sp. 20925_1_22
Streptococcus_30198,96.117,Streptococcus n.sp. 27098_8_134
Streptococcus_30198,96.117,Streptococcus sanguinis 27098_8_181
Streptococcus_30198,96.117,Streptococcus n.sp. 27098_8_82
Streptococcus_30247,95.631,Streptococcus constellatus 20925_1_21
Streptococcus_30247,97.087,Streptococcus gordonii 27098_8_101
Streptococcus_30247,97.087,Streptococcus n.sp. 27098_8_75
Streptococcus_30247,95.146,Streptococcus anginosus 27098_8_173
Streptococcus_30247,99.515,Streptococcus salivarius 20925_1_11
Streptococcus_30247,99.515,Streptococcus salivarius 20925_1_13
Streptococcus_30247,99.515,Streptococcus salivarius 27098_8_110
Streptococcus_30247,99.515,Streptococcus salivarius 27098_8_117
Streptococcus_30247,99.515,Streptococcus salivarius 27098_8_119
Streptococcus_30247,99.515,Streptococcus salivarius 27098_8_152
Streptococcus_30247,99.515,Streptococcus salivarius 27098_8_153
Streptococcus_30247,99.515,Streptococcus n.sp. 27098_8_74
Streptococcus_30253,96.117,Streptococcus constellatus 20925_1_21
Streptococcus_30253,96.602,Streptococcus n.sp. 27098_8_113
Streptococcus_30253,96.602,Streptococcus n.sp. 27098_8_73
Streptococcus_30253,97.087,Streptococcus gordonii 27098_8_101
Streptococcus_30253,97.087,Streptococcus n.sp. 27098_8_75
Streptococcus_30253,96.602,Streptococcus parasanguinis 20925_1_10
Streptococcus_30253,96.602,Streptococcus n.sp. 20925_1_77
Streptococcus_30253,96.602,Streptococcus n.sp. 27098_8_12
Streptococcus_30253,96.602,Streptococcus parasanguinis 20925_1_143
Streptococcus_30253,96.602,Streptococcus n.sp. 27098_8_148
Streptococcus_30253,96.602,Streptococcus parasanguinis 27098_8_150
Streptococcus_30253,96.602,Streptococcus n.sp. 27098_8_177
Streptococcus_30253,96.602,Streptococcus n.sp. 27098_8_186
Streptococcus_30253,96.602,Streptococcus parasanguinis 27098_8_46
Streptococcus_30253,96.602,Streptococcus parasanguinis 27098_8_54
Streptococcus_30253,96.602,Streptococcus n.sp. 27098_8_66
Streptococcus_30253,96.602,Streptococcus n.sp. 27098_8_98
Streptococcus_30253,96.602,Streptococcus n.sp. 27098_8_99
Streptococcus_30253,95.631,Streptococcus anginosus 27098_8_173
Streptococcus_30253,99.515,Streptococcus salivarius 20925_1_11
Streptococcus_30253,99.515,Streptococcus salivarius 20925_1_13
Streptococcus_30253,99.515,Streptococcus salivarius 27098_8_110
Streptococcus_30253,99.515,Streptococcus salivarius 27098_8_117
Streptococcus_30253,99.515,Streptococcus salivarius 27098_8_119
Streptococcus_30253,99.515,Streptococcus salivarius 27098_8_152
Streptococcus_30253,99.515,Streptococcus salivarius 27098_8_153
Streptococcus_30253,99.515,Streptococcus n.sp. 27098_8_74
Streptococcus_30253,97.087,Streptococcus n.sp. 20925_1_22
Streptococcus_30253,97.087,Streptococcus n.sp. 27098_8_134
Streptococcus_30253,97.087,Streptococcus sanguinis 27098_8_181
Streptococcus_30253,97.087,Streptococcus n.sp. 27098_8_82
Streptococcus_30254,95.146,Streptococcus chosunense 27098_8_53
Streptococcus_30254,95.146,Streptococcus n.sp. 27098_8_86
Streptococcus_30254,96.117,Streptococcus constellatus 20925_1_21
Streptococcus_30254,97.087,Streptococcus n.sp. 27098_8_113
Streptococcus_30254,97.087,Streptococcus n.sp. 27098_8_73
Streptococcus_30254,97.573,Streptococcus gordonii 27098_8_101
Streptococcus_30254,97.573,Streptococcus n.sp. 27098_8_75
Streptococcus_30254,95.146,Streptococcus n.sp. 20925_1_44
Streptococcus_30254,95.146,Streptococcus n.sp. 27098_8_22
Streptococcus_30254,95.146,Streptococcus n.sp. 27098_8_69
Streptococcus_30254,95.146,Streptococcus n.sp. 27098_8_91
Streptococcus_30254,95.146,Streptococcus n.sp. 20925_1_69
Streptococcus_30254,95.146,Streptococcus n.sp. 27098_8_103
Streptococcus_30254,95.146,Streptococcus n.sp. 27098_8_109
Streptococcus_30254,95.146,Streptococcus n.sp. 27098_8_76
Streptococcus_30254,95.146,Streptococcus mitis 27098_8_87
Streptococcus_30254,95.146,Streptococcus n.sp. 27098_8_51
Streptococcus_30254,95.146,Streptococcus n.sp. 27098_8_70
Streptococcus_30254,97.087,Streptococcus parasanguinis 20925_1_10
Streptococcus_30254,97.087,Streptococcus n.sp. 20925_1_77
Streptococcus_30254,97.087,Streptococcus n.sp. 27098_8_12
Streptococcus_30254,97.087,Streptococcus parasanguinis 20925_1_143
Streptococcus_30254,97.087,Streptococcus n.sp. 27098_8_148
Streptococcus_30254,97.087,Streptococcus parasanguinis 27098_8_150
Streptococcus_30254,97.087,Streptococcus n.sp. 27098_8_177
Streptococcus_30254,97.087,Streptococcus n.sp. 27098_8_186
Streptococcus_30254,97.087,Streptococcus parasanguinis 27098_8_46
Streptococcus_30254,97.087,Streptococcus parasanguinis 27098_8_54
Streptococcus_30254,97.087,Streptococcus n.sp. 27098_8_66
Streptococcus_30254,97.087,Streptococcus n.sp. 27098_8_98
Streptococcus_30254,97.087,Streptococcus n.sp. 27098_8_99
Streptococcus_30254,95.631,Streptococcus anginosus 27098_8_173
Streptococcus_30254,95.146,Streptococcus pseudopneumoniae 20925_1_26
Streptococcus_30254,100,Streptococcus salivarius 20925_1_11
Streptococcus_30254,100,Streptococcus salivarius 20925_1_13
Streptococcus_30254,100,Streptococcus salivarius 27098_8_110
Streptococcus_30254,100,Streptococcus salivarius 27098_8_117
Streptococcus_30254,100,Streptococcus salivarius 27098_8_119
Streptococcus_30254,100,Streptococcus salivarius 27098_8_152
Streptococcus_30254,100,Streptococcus salivarius 27098_8_153
Streptococcus_30254,100,Streptococcus n.sp. 27098_8_74
Streptococcus_30254,96.602,Streptococcus n.sp. 20925_1_22
Streptococcus_30254,96.602,Streptococcus n.sp. 27098_8_134
Streptococcus_30254,96.602,Streptococcus sanguinis 27098_8_181
Streptococcus_30254,96.602,Streptococcus n.sp. 27098_8_82
Streptococcus_30258,95.631,Streptococcus constellatus 20925_1_21
Streptococcus_30258,96.602,Streptococcus n.sp. 27098_8_113
Streptococcus_30258,96.602,Streptococcus n.sp. 27098_8_73
Streptococcus_30258,97.087,Streptococcus gordonii 27098_8_101
Streptococcus_30258,97.087,Streptococcus n.sp. 27098_8_75
Streptococcus_30258,96.602,Streptococcus parasanguinis 20925_1_10
Streptococcus_30258,96.602,Streptococcus n.sp. 20925_1_77
Streptococcus_30258,96.602,Streptococcus n.sp. 27098_8_12
Streptococcus_30258,96.602,Streptococcus parasanguinis 20925_1_143
Streptococcus_30258,96.602,Streptococcus n.sp. 27098_8_148
Streptococcus_30258,96.602,Streptococcus parasanguinis 27098_8_150
Streptococcus_30258,96.602,Streptococcus n.sp. 27098_8_177
Streptococcus_30258,96.602,Streptococcus n.sp. 27098_8_186
Streptococcus_30258,96.602,Streptococcus parasanguinis 27098_8_46
Streptococcus_30258,96.602,Streptococcus parasanguinis 27098_8_54
Streptococcus_30258,96.602,Streptococcus n.sp. 27098_8_66
Streptococcus_30258,96.602,Streptococcus n.sp. 27098_8_98
Streptococcus_30258,96.602,Streptococcus n.sp. 27098_8_99
Streptococcus_30258,95.146,Streptococcus anginosus 27098_8_173
Streptococcus_30258,99.515,Streptococcus salivarius 20925_1_11
Streptococcus_30258,99.515,Streptococcus salivarius 20925_1_13
Streptococcus_30258,99.515,Streptococcus salivarius 27098_8_110
Streptococcus_30258,99.515,Streptococcus salivarius 27098_8_117
Streptococcus_30258,99.515,Streptococcus salivarius 27098_8_119
Streptococcus_30258,99.515,Streptococcus salivarius 27098_8_152
Streptococcus_30258,99.515,Streptococcus salivarius 27098_8_153
Streptococcus_30258,99.515,Streptococcus n.sp. 27098_8_74
Streptococcus_30258,96.117,Streptococcus n.sp. 20925_1_22
Streptococcus_30258,96.117,Streptococcus n.sp. 27098_8_134
Streptococcus_30258,96.117,Streptococcus sanguinis 27098_8_181
Streptococcus_30258,96.117,Streptococcus n.sp. 27098_8_82
Streptococcus_30261,95.631,Streptococcus constellatus 20925_1_21
Streptococcus_30261,96.117,Streptococcus n.sp. 27098_8_113
Streptococcus_30261,96.117,Streptococcus n.sp. 27098_8_73
Streptococcus_30261,96.602,Streptococcus gordonii 27098_8_101
Streptococcus_30261,96.602,Streptococcus n.sp. 27098_8_75
Streptococcus_30261,96.117,Streptococcus parasanguinis 20925_1_10
Streptococcus_30261,96.117,Streptococcus n.sp. 20925_1_77
Streptococcus_30261,96.117,Streptococcus n.sp. 27098_8_12
Streptococcus_30261,96.117,Streptococcus parasanguinis 20925_1_143
Streptococcus_30261,96.117,Streptococcus n.sp. 27098_8_148
Streptococcus_30261,96.117,Streptococcus parasanguinis 27098_8_150
Streptococcus_30261,96.117,Streptococcus n.sp. 27098_8_177
Streptococcus_30261,96.117,Streptococcus n.sp. 27098_8_186
Streptococcus_30261,96.117,Streptococcus parasanguinis 27098_8_46
Streptococcus_30261,96.117,Streptococcus parasanguinis 27098_8_54
Streptococcus_30261,96.117,Streptococcus n.sp. 27098_8_66
Streptococcus_30261,96.117,Streptococcus n.sp. 27098_8_98
Streptococcus_30261,96.117,Streptococcus n.sp. 27098_8_99
Streptococcus_30261,95.146,Streptococcus anginosus 27098_8_173
Streptococcus_30261,99.029,Streptococcus salivarius 20925_1_11
Streptococcus_30261,99.029,Streptococcus salivarius 20925_1_13
Streptococcus_30261,99.029,Streptococcus salivarius 27098_8_110
Streptococcus_30261,99.029,Streptococcus salivarius 27098_8_117
Streptococcus_30261,99.029,Streptococcus salivarius 27098_8_119
Streptococcus_30261,99.029,Streptococcus salivarius 27098_8_152
Streptococcus_30261,99.029,Streptococcus salivarius 27098_8_153
Streptococcus_30261,99.029,Streptococcus n.sp. 27098_8_74
Streptococcus_30261,96.602,Streptococcus n.sp. 20925_1_22
Streptococcus_30261,96.602,Streptococcus n.sp. 27098_8_134
Streptococcus_30261,96.602,Streptococcus sanguinis 27098_8_181
Streptococcus_30261,96.602,Streptococcus n.sp. 27098_8_82
Streptococcus_30263,95.631,Streptococcus constellatus 20925_1_21
Streptococcus_30263,96.602,Streptococcus n.sp. 27098_8_113
Streptococcus_30263,96.602,Streptococcus n.sp. 27098_8_73
Streptococcus_30263,97.087,Streptococcus gordonii 27098_8_101
Streptococcus_30263,97.087,Streptococcus n.sp. 27098_8_75
Streptococcus_30263,96.602,Streptococcus parasanguinis 20925_1_10
Streptococcus_30263,96.602,Streptococcus n.sp. 20925_1_77
Streptococcus_30263,96.602,Streptococcus n.sp. 27098_8_12
Streptococcus_30263,96.602,Streptococcus parasanguinis 20925_1_143
Streptococcus_30263,96.602,Streptococcus n.sp. 27098_8_148
Streptococcus_30263,96.602,Streptococcus parasanguinis 27098_8_150
Streptococcus_30263,96.602,Streptococcus n.sp. 27098_8_177
Streptococcus_30263,96.602,Streptococcus n.sp. 27098_8_186
Streptococcus_30263,96.602,Streptococcus parasanguinis 27098_8_46
Streptococcus_30263,96.602,Streptococcus parasanguinis 27098_8_54
Streptococcus_30263,96.602,Streptococcus n.sp. 27098_8_66
Streptococcus_30263,96.602,Streptococcus n.sp. 27098_8_98
Streptococcus_30263,96.602,Streptococcus n.sp. 27098_8_99
Streptococcus_30263,95.146,Streptococcus anginosus 27098_8_173
Streptococcus_30263,99.515,Streptococcus salivarius 20925_1_11
Streptococcus_30263,99.515,Streptococcus salivarius 20925_1_13
Streptococcus_30263,99.515,Streptococcus salivarius 27098_8_110
Streptococcus_30263,99.515,Streptococcus salivarius 27098_8_117
Streptococcus_30263,99.515,Streptococcus salivarius 27098_8_119
Streptococcus_30263,99.515,Streptococcus salivarius 27098_8_152
Streptococcus_30263,99.515,Streptococcus salivarius 27098_8_153
Streptococcus_30263,99.515,Streptococcus n.sp. 27098_8_74
Streptococcus_30263,96.117,Streptococcus n.sp. 20925_1_22
Streptococcus_30263,96.117,Streptococcus n.sp. 27098_8_134
Streptococcus_30263,96.117,Streptococcus sanguinis 27098_8_181
Streptococcus_30263,96.117,Streptococcus n.sp. 27098_8_82
Streptococcus_30264,95.631,Streptococcus constellatus 20925_1_21
Streptococcus_30264,96.602,Streptococcus n.sp. 27098_8_113
Streptococcus_30264,96.602,Streptococcus n.sp. 27098_8_73
Streptococcus_30264,97.087,Streptococcus gordonii 27098_8_101
Streptococcus_30264,97.087,Streptococcus n.sp. 27098_8_75
Streptococcus_30264,96.602,Streptococcus parasanguinis 20925_1_10
Streptococcus_30264,96.602,Streptococcus n.sp. 20925_1_77
Streptococcus_30264,96.602,Streptococcus n.sp. 27098_8_12
Streptococcus_30264,96.602,Streptococcus parasanguinis 20925_1_143
Streptococcus_30264,96.602,Streptococcus n.sp. 27098_8_148
Streptococcus_30264,96.602,Streptococcus parasanguinis 27098_8_150
Streptococcus_30264,96.602,Streptococcus n.sp. 27098_8_177
Streptococcus_30264,96.602,Streptococcus n.sp. 27098_8_186
Streptococcus_30264,96.602,Streptococcus parasanguinis 27098_8_46
Streptococcus_30264,96.602,Streptococcus parasanguinis 27098_8_54
Streptococcus_30264,96.602,Streptococcus n.sp. 27098_8_66
Streptococcus_30264,96.602,Streptococcus n.sp. 27098_8_98
Streptococcus_30264,96.602,Streptococcus n.sp. 27098_8_99
Streptococcus_30264,95.146,Streptococcus anginosus 27098_8_173
Streptococcus_30264,99.515,Streptococcus salivarius 20925_1_11
Streptococcus_30264,99.515,Streptococcus salivarius 20925_1_13
Streptococcus_30264,99.515,Streptococcus salivarius 27098_8_110
Streptococcus_30264,99.515,Streptococcus salivarius 27098_8_117
Streptococcus_30264,99.515,Streptococcus salivarius 27098_8_119
Streptococcus_30264,99.515,Streptococcus salivarius 27098_8_152
Streptococcus_30264,99.515,Streptococcus salivarius 27098_8_153
Streptococcus_30264,99.515,Streptococcus n.sp. 27098_8_74
Streptococcus_30264,96.117,Streptococcus n.sp. 20925_1_22
Streptococcus_30264,96.117,Streptococcus n.sp. 27098_8_134
Streptococcus_30264,96.117,Streptococcus sanguinis 27098_8_181
Streptococcus_30264,96.117,Streptococcus n.sp. 27098_8_82
Streptococcus_30265,95.631,Streptococcus constellatus 20925_1_21
Streptococcus_30265,96.602,Streptococcus n.sp. 27098_8_113
Streptococcus_30265,96.602,Streptococcus n.sp. 27098_8_73
Streptococcus_30265,97.087,Streptococcus gordonii 27098_8_101
Streptococcus_30265,97.087,Streptococcus n.sp. 27098_8_75
Streptococcus_30265,96.602,Streptococcus parasanguinis 20925_1_10
Streptococcus_30265,96.602,Streptococcus n.sp. 20925_1_77
Streptococcus_30265,96.602,Streptococcus n.sp. 27098_8_12
Streptococcus_30265,96.602,Streptococcus parasanguinis 20925_1_143
Streptococcus_30265,96.602,Streptococcus n.sp. 27098_8_148
Streptococcus_30265,96.602,Streptococcus parasanguinis 27098_8_150
Streptococcus_30265,96.602,Streptococcus n.sp. 27098_8_177
Streptococcus_30265,96.602,Streptococcus n.sp. 27098_8_186
Streptococcus_30265,96.602,Streptococcus parasanguinis 27098_8_46
Streptococcus_30265,96.602,Streptococcus parasanguinis 27098_8_54
Streptococcus_30265,96.602,Streptococcus n.sp. 27098_8_66
Streptococcus_30265,96.602,Streptococcus n.sp. 27098_8_98
Streptococcus_30265,96.602,Streptococcus n.sp. 27098_8_99
Streptococcus_30265,95.146,Streptococcus anginosus 27098_8_173
Streptococcus_30265,99.515,Streptococcus salivarius 20925_1_11
Streptococcus_30265,99.515,Streptococcus salivarius 20925_1_13
Streptococcus_30265,99.515,Streptococcus salivarius 27098_8_110
Streptococcus_30265,99.515,Streptococcus salivarius 27098_8_117
Streptococcus_30265,99.515,Streptococcus salivarius 27098_8_119
Streptococcus_30265,99.515,Streptococcus salivarius 27098_8_152
Streptococcus_30265,99.515,Streptococcus salivarius 27098_8_153
Streptococcus_30265,99.515,Streptococcus n.sp. 27098_8_74
Streptococcus_30265,96.117,Streptococcus n.sp. 20925_1_22
Streptococcus_30265,96.117,Streptococcus n.sp. 27098_8_134
Streptococcus_30265,96.117,Streptococcus sanguinis 27098_8_181
Streptococcus_30265,96.117,Streptococcus n.sp. 27098_8_82
Streptococcus_30266,95.631,Streptococcus constellatus 20925_1_21
Streptococcus_30266,96.602,Streptococcus n.sp. 27098_8_113
Streptococcus_30266,96.602,Streptococcus n.sp. 27098_8_73
Streptococcus_30266,97.087,Streptococcus gordonii 27098_8_101
Streptococcus_30266,97.087,Streptococcus n.sp. 27098_8_75
Streptococcus_30266,96.602,Streptococcus parasanguinis 20925_1_10
Streptococcus_30266,96.602,Streptococcus n.sp. 20925_1_77
Streptococcus_30266,96.602,Streptococcus n.sp. 27098_8_12
Streptococcus_30266,96.602,Streptococcus parasanguinis 20925_1_143
Streptococcus_30266,96.602,Streptococcus n.sp. 27098_8_148
Streptococcus_30266,96.602,Streptococcus parasanguinis 27098_8_150
Streptococcus_30266,96.602,Streptococcus n.sp. 27098_8_177
Streptococcus_30266,96.602,Streptococcus n.sp. 27098_8_186
Streptococcus_30266,96.602,Streptococcus parasanguinis 27098_8_46
Streptococcus_30266,96.602,Streptococcus parasanguinis 27098_8_54
Streptococcus_30266,96.602,Streptococcus n.sp. 27098_8_66
Streptococcus_30266,96.602,Streptococcus n.sp. 27098_8_98
Streptococcus_30266,96.602,Streptococcus n.sp. 27098_8_99
Streptococcus_30266,95.146,Streptococcus anginosus 27098_8_173
Streptococcus_30266,99.515,Streptococcus salivarius 20925_1_11
Streptococcus_30266,99.515,Streptococcus salivarius 20925_1_13
Streptococcus_30266,99.515,Streptococcus salivarius 27098_8_110
Streptococcus_30266,99.515,Streptococcus salivarius 27098_8_117
Streptococcus_30266,99.515,Streptococcus salivarius 27098_8_119
Streptococcus_30266,99.515,Streptococcus salivarius 27098_8_152
Streptococcus_30266,99.515,Streptococcus salivarius 27098_8_153
Streptococcus_30266,99.515,Streptococcus n.sp. 27098_8_74
Streptococcus_30266,96.117,Streptococcus n.sp. 20925_1_22
Streptococcus_30266,96.117,Streptococcus n.sp. 27098_8_134
Streptococcus_30266,96.117,Streptococcus sanguinis 27098_8_181
Streptococcus_30266,96.117,Streptococcus n.sp. 27098_8_82
Streptococcus_30279,95.146,Streptococcus constellatus 20925_1_21
Streptococcus_30279,96.117,Streptococcus n.sp. 27098_8_113
Streptococcus_30279,96.117,Streptococcus n.sp. 27098_8_73
Streptococcus_30279,96.602,Streptococcus gordonii 27098_8_101
Streptococcus_30279,96.602,Streptococcus n.sp. 27098_8_75
Streptococcus_30279,96.117,Streptococcus parasanguinis 20925_1_10
Streptococcus_30279,96.117,Streptococcus n.sp. 20925_1_77
Streptococcus_30279,96.117,Streptococcus n.sp. 27098_8_12
Streptococcus_30279,96.117,Streptococcus parasanguinis 20925_1_143
Streptococcus_30279,96.117,Streptococcus n.sp. 27098_8_148
Streptococcus_30279,96.117,Streptococcus parasanguinis 27098_8_150
Streptococcus_30279,96.117,Streptococcus n.sp. 27098_8_177
Streptococcus_30279,96.117,Streptococcus n.sp. 27098_8_186
Streptococcus_30279,96.117,Streptococcus parasanguinis 27098_8_46
Streptococcus_30279,96.117,Streptococcus parasanguinis 27098_8_54
Streptococcus_30279,96.117,Streptococcus n.sp. 27098_8_66
Streptococcus_30279,96.117,Streptococcus n.sp. 27098_8_98
Streptococcus_30279,96.117,Streptococcus n.sp. 27098_8_99
Streptococcus_30279,98.544,Streptococcus salivarius 20925_1_11
Streptococcus_30279,98.544,Streptococcus salivarius 20925_1_13
Streptococcus_30279,98.544,Streptococcus salivarius 27098_8_110
Streptococcus_30279,98.544,Streptococcus salivarius 27098_8_117
Streptococcus_30279,98.544,Streptococcus salivarius 27098_8_119
Streptococcus_30279,98.544,Streptococcus salivarius 27098_8_152
Streptococcus_30279,98.544,Streptococcus salivarius 27098_8_153
Streptococcus_30279,98.544,Streptococcus n.sp. 27098_8_74
Streptococcus_30279,95.631,Streptococcus n.sp. 20925_1_22
Streptococcus_30279,95.631,Streptococcus n.sp. 27098_8_134
Streptococcus_30279,95.631,Streptococcus sanguinis 27098_8_181
Streptococcus_30279,95.631,Streptococcus n.sp. 27098_8_82
Streptococcus_30286,95.631,Streptococcus constellatus 20925_1_21
Streptococcus_30286,96.602,Streptococcus n.sp. 27098_8_113
Streptococcus_30286,96.602,Streptococcus n.sp. 27098_8_73
Streptococcus_30286,97.087,Streptococcus gordonii 27098_8_101
Streptococcus_30286,97.087,Streptococcus n.sp. 27098_8_75
Streptococcus_30286,96.602,Streptococcus parasanguinis 20925_1_10
Streptococcus_30286,96.602,Streptococcus n.sp. 20925_1_77
Streptococcus_30286,96.602,Streptococcus n.sp. 27098_8_12
Streptococcus_30286,96.602,Streptococcus parasanguinis 20925_1_143
Streptococcus_30286,96.602,Streptococcus n.sp. 27098_8_148
Streptococcus_30286,96.602,Streptococcus parasanguinis 27098_8_150
Streptococcus_30286,96.602,Streptococcus n.sp. 27098_8_177
Streptococcus_30286,96.602,Streptococcus n.sp. 27098_8_186
Streptococcus_30286,96.602,Streptococcus parasanguinis 27098_8_46
Streptococcus_30286,96.602,Streptococcus parasanguinis 27098_8_54
Streptococcus_30286,96.602,Streptococcus n.sp. 27098_8_66
Streptococcus_30286,96.602,Streptococcus n.sp. 27098_8_98
Streptococcus_30286,96.602,Streptococcus n.sp. 27098_8_99
Streptococcus_30286,95.146,Streptococcus anginosus 27098_8_173
Streptococcus_30286,99.515,Streptococcus salivarius 20925_1_11
Streptococcus_30286,99.515,Streptococcus salivarius 20925_1_13
Streptococcus_30286,99.515,Streptococcus salivarius 27098_8_110
Streptococcus_30286,99.515,Streptococcus salivarius 27098_8_117
Streptococcus_30286,99.515,Streptococcus salivarius 27098_8_119
Streptococcus_30286,99.515,Streptococcus salivarius 27098_8_152
Streptococcus_30286,99.515,Streptococcus salivarius 27098_8_153
Streptococcus_30286,99.515,Streptococcus n.sp. 27098_8_74
Streptococcus_30286,96.117,Streptococcus n.sp. 20925_1_22
Streptococcus_30286,96.117,Streptococcus n.sp. 27098_8_134
Streptococcus_30286,96.117,Streptococcus sanguinis 27098_8_181
Streptococcus_30286,96.117,Streptococcus n.sp. 27098_8_82
Streptococcus_30302,95.631,Streptococcus chosunense 27098_8_53
Streptococcus_30302,95.631,Streptococcus n.sp. 27098_8_86
Streptococcus_30302,95.631,Streptococcus constellatus 20925_1_21
Streptococcus_30302,97.573,Streptococcus n.sp. 27098_8_113
Streptococcus_30302,97.573,Streptococcus n.sp. 27098_8_73
Streptococcus_30302,98.058,Streptococcus gordonii 27098_8_101
Streptococcus_30302,98.058,Streptococcus n.sp. 27098_8_75
Streptococcus_30302,95.631,Streptococcus n.sp. 20925_1_44
Streptococcus_30302,95.631,Streptococcus n.sp. 27098_8_22
Streptococcus_30302,95.631,Streptococcus n.sp. 27098_8_69
Streptococcus_30302,95.631,Streptococcus n.sp. 27098_8_91
Streptococcus_30302,95.631,Streptococcus n.sp. 20925_1_69
Streptococcus_30302,95.631,Streptococcus n.sp. 27098_8_103
Streptococcus_30302,95.631,Streptococcus n.sp. 27098_8_109
Streptococcus_30302,95.631,Streptococcus n.sp. 27098_8_76
Streptococcus_30302,95.631,Streptococcus mitis 27098_8_87
Streptococcus_30302,95.146,Streptococcus n.sp. 27098_8_23
Streptococcus_30302,95.631,Streptococcus n.sp. 27098_8_51
Streptococcus_30302,95.631,Streptococcus n.sp. 27098_8_70
Streptococcus_30302,97.573,Streptococcus parasanguinis 20925_1_10
Streptococcus_30302,97.573,Streptococcus n.sp. 20925_1_77
Streptococcus_30302,97.573,Streptococcus n.sp. 27098_8_12
Streptococcus_30302,97.573,Streptococcus parasanguinis 20925_1_143
Streptococcus_30302,97.573,Streptococcus n.sp. 27098_8_148
Streptococcus_30302,97.573,Streptococcus parasanguinis 27098_8_150
Streptococcus_30302,97.573,Streptococcus n.sp. 27098_8_177
Streptococcus_30302,97.573,Streptococcus n.sp. 27098_8_186
Streptococcus_30302,97.573,Streptococcus parasanguinis 27098_8_46
Streptococcus_30302,97.573,Streptococcus parasanguinis 27098_8_54
Streptococcus_30302,97.573,Streptococcus n.sp. 27098_8_66
Streptococcus_30302,97.573,Streptococcus n.sp. 27098_8_98
Streptococcus_30302,97.573,Streptococcus n.sp. 27098_8_99
Streptococcus_30302,95.146,Streptococcus anginosus 27098_8_173
Streptococcus_30302,95.631,Streptococcus pseudopneumoniae 20925_1_26
Streptococcus_30302,99.515,Streptococcus salivarius 20925_1_11
Streptococcus_30302,99.515,Streptococcus salivarius 20925_1_13
Streptococcus_30302,99.515,Streptococcus salivarius 27098_8_110
Streptococcus_30302,99.515,Streptococcus salivarius 27098_8_117
Streptococcus_30302,99.515,Streptococcus salivarius 27098_8_119
Streptococcus_30302,99.515,Streptococcus salivarius 27098_8_152
Streptococcus_30302,99.515,Streptococcus salivarius 27098_8_153
Streptococcus_30302,99.515,Streptococcus n.sp. 27098_8_74
Streptococcus_30302,97.087,Streptococcus n.sp. 20925_1_22
Streptococcus_30302,97.087,Streptococcus n.sp. 27098_8_134
Streptococcus_30302,97.087,Streptococcus sanguinis 27098_8_181
Streptococcus_30302,97.087,Streptococcus n.sp. 27098_8_82
Streptococcus_30306,95.631,Streptococcus constellatus 20925_1_21
Streptococcus_30306,96.602,Streptococcus n.sp. 27098_8_113
Streptococcus_30306,96.602,Streptococcus n.sp. 27098_8_73
Streptococcus_30306,97.087,Streptococcus gordonii 27098_8_101
Streptococcus_30306,97.087,Streptococcus n.sp. 27098_8_75
Streptococcus_30306,96.602,Streptococcus parasanguinis 20925_1_10
Streptococcus_30306,96.602,Streptococcus n.sp. 20925_1_77
Streptococcus_30306,96.602,Streptococcus n.sp. 27098_8_12
Streptococcus_30306,96.602,Streptococcus parasanguinis 20925_1_143
Streptococcus_30306,96.602,Streptococcus n.sp. 27098_8_148
Streptococcus_30306,96.602,Streptococcus parasanguinis 27098_8_150
Streptococcus_30306,96.602,Streptococcus n.sp. 27098_8_177
Streptococcus_30306,96.602,Streptococcus n.sp. 27098_8_186
Streptococcus_30306,96.602,Streptococcus parasanguinis 27098_8_46
Streptococcus_30306,96.602,Streptococcus parasanguinis 27098_8_54
Streptococcus_30306,96.602,Streptococcus n.sp. 27098_8_66
Streptococcus_30306,96.602,Streptococcus n.sp. 27098_8_98
Streptococcus_30306,96.602,Streptococcus n.sp. 27098_8_99
Streptococcus_30306,95.146,Streptococcus anginosus 27098_8_173
Streptococcus_30306,99.515,Streptococcus salivarius 20925_1_11
Streptococcus_30306,99.515,Streptococcus salivarius 20925_1_13
Streptococcus_30306,99.515,Streptococcus salivarius 27098_8_110
Streptococcus_30306,99.515,Streptococcus salivarius 27098_8_117
Streptococcus_30306,99.515,Streptococcus salivarius 27098_8_119
Streptococcus_30306,99.515,Streptococcus salivarius 27098_8_152
Streptococcus_30306,99.515,Streptococcus salivarius 27098_8_153
Streptococcus_30306,99.515,Streptococcus n.sp. 27098_8_74
Streptococcus_30306,96.117,Streptococcus n.sp. 20925_1_22
Streptococcus_30306,96.117,Streptococcus n.sp. 27098_8_134
Streptococcus_30306,96.117,Streptococcus sanguinis 27098_8_181
Streptococcus_30306,96.117,Streptococcus n.sp. 27098_8_82
Streptococcus_30547,96.602,Streptococcus salivarius 20925_1_11
Streptococcus_30547,96.602,Streptococcus salivarius 20925_1_13
Streptococcus_30547,96.602,Streptococcus salivarius 27098_8_110
Streptococcus_30547,96.602,Streptococcus salivarius 27098_8_117
Streptococcus_30547,96.602,Streptococcus salivarius 27098_8_119
Streptococcus_30547,96.602,Streptococcus salivarius 27098_8_152
Streptococcus_30547,96.602,Streptococcus salivarius 27098_8_153
Streptococcus_30547,96.602,Streptococcus n.sp. 27098_8_74
Alloprevotella_30609,,no_isolate
Alloprevotella_30610,,no_isolate
Alloprevotella_30612,,no_isolate
Alloprevotella_30655,,no_isolate
Alloprevotella_30656,,no_isolate
Alloprevotella_30706,,no_isolate
Alloprevotella_30766,,no_isolate
Streptococcus_30978,95.631,Streptococcus n.sp. 27098_8_113
Streptococcus_30978,95.631,Streptococcus n.sp. 27098_8_73
Streptococcus_30978,96.117,Streptococcus gordonii 27098_8_101
Streptococcus_30978,96.117,Streptococcus n.sp. 27098_8_75
Streptococcus_30978,95.631,Streptococcus parasanguinis 20925_1_10
Streptococcus_30978,95.631,Streptococcus n.sp. 20925_1_77
Streptococcus_30978,95.631,Streptococcus n.sp. 27098_8_12
Streptococcus_30978,95.631,Streptococcus parasanguinis 20925_1_143
Streptococcus_30978,95.631,Streptococcus n.sp. 27098_8_148
Streptococcus_30978,95.631,Streptococcus parasanguinis 27098_8_150
Streptococcus_30978,95.631,Streptococcus n.sp. 27098_8_177
Streptococcus_30978,95.631,Streptococcus n.sp. 27098_8_186
Streptococcus_30978,95.631,Streptococcus parasanguinis 27098_8_46
Streptococcus_30978,95.631,Streptococcus parasanguinis 27098_8_54
Streptococcus_30978,95.631,Streptococcus n.sp. 27098_8_66
Streptococcus_30978,95.631,Streptococcus n.sp. 27098_8_98
Streptococcus_30978,95.631,Streptococcus n.sp. 27098_8_99
Streptococcus_30978,98.544,Streptococcus salivarius 20925_1_11
Streptococcus_30978,98.544,Streptococcus salivarius 20925_1_13
Streptococcus_30978,98.544,Streptococcus salivarius 27098_8_110
Streptococcus_30978,98.544,Streptococcus salivarius 27098_8_117
Streptococcus_30978,98.544,Streptococcus salivarius 27098_8_119
Streptococcus_30978,98.544,Streptococcus salivarius 27098_8_152
Streptococcus_30978,98.544,Streptococcus salivarius 27098_8_153
Streptococcus_30978,98.544,Streptococcus n.sp. 27098_8_74
Streptococcus_30978,95.146,Streptococcus n.sp. 20925_1_22
Streptococcus_30978,95.146,Streptococcus n.sp. 27098_8_134
Streptococcus_30978,95.146,Streptococcus sanguinis 27098_8_181
Streptococcus_30978,95.146,Streptococcus n.sp. 27098_8_82
Streptococcus_31024,95.631,Streptococcus chosunense 27098_8_53
Streptococcus_31024,95.631,Streptococcus n.sp. 27098_8_86
Streptococcus_31024,96.602,Streptococcus constellatus 20925_1_21
Streptococcus_31024,97.573,Streptococcus n.sp. 27098_8_113
Streptococcus_31024,97.573,Streptococcus n.sp. 27098_8_73
Streptococcus_31024,98.058,Streptococcus gordonii 27098_8_101
Streptococcus_31024,98.058,Streptococcus n.sp. 27098_8_75
Streptococcus_31024,95.631,Streptococcus n.sp. 20925_1_44
Streptococcus_31024,95.631,Streptococcus n.sp. 27098_8_22
Streptococcus_31024,95.631,Streptococcus n.sp. 27098_8_69
Streptococcus_31024,95.631,Streptococcus n.sp. 27098_8_91
Streptococcus_31024,95.631,Streptococcus n.sp. 20925_1_69
Streptococcus_31024,95.631,Streptococcus n.sp. 27098_8_103
Streptococcus_31024,95.631,Streptococcus n.sp. 27098_8_109
Streptococcus_31024,95.631,Streptococcus n.sp. 27098_8_76
Streptococcus_31024,95.631,Streptococcus mitis 27098_8_87
Streptococcus_31024,95.146,Streptococcus n.sp. 27098_8_23
Streptococcus_31024,95.631,Streptococcus n.sp. 27098_8_51
Streptococcus_31024,95.631,Streptococcus n.sp. 27098_8_70
Streptococcus_31024,97.573,Streptococcus parasanguinis 20925_1_10
Streptococcus_31024,97.573,Streptococcus n.sp. 20925_1_77
Streptococcus_31024,97.573,Streptococcus n.sp. 27098_8_12
Streptococcus_31024,97.573,Streptococcus parasanguinis 20925_1_143
Streptococcus_31024,97.573,Streptococcus n.sp. 27098_8_148
Streptococcus_31024,97.573,Streptococcus parasanguinis 27098_8_150
Streptococcus_31024,97.573,Streptococcus n.sp. 27098_8_177
Streptococcus_31024,97.573,Streptococcus n.sp. 27098_8_186
Streptococcus_31024,97.573,Streptococcus parasanguinis 27098_8_46
Streptococcus_31024,97.573,Streptococcus parasanguinis 27098_8_54
Streptococcus_31024,97.573,Streptococcus n.sp. 27098_8_66
Streptococcus_31024,97.573,Streptococcus n.sp. 27098_8_98
Streptococcus_31024,97.573,Streptococcus n.sp. 27098_8_99
Streptococcus_31024,96.117,Streptococcus anginosus 27098_8_173
Streptococcus_31024,95.631,Streptococcus pseudopneumoniae 20925_1_26
Streptococcus_31024,99.515,Streptococcus salivarius 20925_1_11
Streptococcus_31024,99.515,Streptococcus salivarius 20925_1_13
Streptococcus_31024,99.515,Streptococcus salivarius 27098_8_110
Streptococcus_31024,99.515,Streptococcus salivarius 27098_8_117
Streptococcus_31024,99.515,Streptococcus salivarius 27098_8_119
Streptococcus_31024,99.515,Streptococcus salivarius 27098_8_152
Streptococcus_31024,99.515,Streptococcus salivarius 27098_8_153
Streptococcus_31024,99.515,Streptococcus n.sp. 27098_8_74
Streptococcus_31024,97.087,Streptococcus n.sp. 20925_1_22
Streptococcus_31024,97.087,Streptococcus n.sp. 27098_8_134
Streptococcus_31024,97.087,Streptococcus sanguinis 27098_8_181
Streptococcus_31024,97.087,Streptococcus n.sp. 27098_8_82
Streptococcus_31034,95.146,Streptococcus chosunense 27098_8_53
Streptococcus_31034,95.146,Streptococcus n.sp. 27098_8_86
Streptococcus_31034,95.631,Streptococcus constellatus 20925_1_21
Streptococcus_31034,97.087,Streptococcus n.sp. 27098_8_113
Streptococcus_31034,97.087,Streptococcus n.sp. 27098_8_73
Streptococcus_31034,96.602,Streptococcus gordonii 27098_8_101
Streptococcus_31034,96.602,Streptococcus n.sp. 27098_8_75
Streptococcus_31034,95.146,Streptococcus n.sp. 20925_1_44
Streptococcus_31034,95.146,Streptococcus n.sp. 27098_8_22
Streptococcus_31034,95.146,Streptococcus n.sp. 27098_8_69
Streptococcus_31034,95.146,Streptococcus n.sp. 27098_8_91
Streptococcus_31034,95.146,Streptococcus n.sp. 20925_1_69
Streptococcus_31034,95.146,Streptococcus n.sp. 27098_8_103
Streptococcus_31034,95.146,Streptococcus n.sp. 27098_8_109
Streptococcus_31034,95.146,Streptococcus n.sp. 27098_8_76
Streptococcus_31034,95.146,Streptococcus mitis 27098_8_87
Streptococcus_31034,95.146,Streptococcus n.sp. 27098_8_51
Streptococcus_31034,95.146,Streptococcus n.sp. 27098_8_70
Streptococcus_31034,97.087,Streptococcus parasanguinis 20925_1_10
Streptococcus_31034,97.087,Streptococcus n.sp. 20925_1_77
Streptococcus_31034,97.087,Streptococcus n.sp. 27098_8_12
Streptococcus_31034,97.087,Streptococcus parasanguinis 20925_1_143
Streptococcus_31034,97.087,Streptococcus n.sp. 27098_8_148
Streptococcus_31034,97.087,Streptococcus parasanguinis 27098_8_150
Streptococcus_31034,97.087,Streptococcus n.sp. 27098_8_177
Streptococcus_31034,97.087,Streptococcus n.sp. 27098_8_186
Streptococcus_31034,97.087,Streptococcus parasanguinis 27098_8_46
Streptococcus_31034,97.087,Streptococcus parasanguinis 27098_8_54
Streptococcus_31034,97.087,Streptococcus n.sp. 27098_8_66
Streptococcus_31034,97.087,Streptococcus n.sp. 27098_8_98
Streptococcus_31034,97.087,Streptococcus n.sp. 27098_8_99
Streptococcus_31034,95.146,Streptococcus anginosus 27098_8_173
Streptococcus_31034,95.146,Streptococcus pseudopneumoniae 20925_1_26
Streptococcus_31034,99.029,Streptococcus salivarius 20925_1_11
Streptococcus_31034,99.029,Streptococcus salivarius 20925_1_13
Streptococcus_31034,99.029,Streptococcus salivarius 27098_8_110
Streptococcus_31034,99.029,Streptococcus salivarius 27098_8_117
Streptococcus_31034,99.029,Streptococcus salivarius 27098_8_119
Streptococcus_31034,99.029,Streptococcus salivarius 27098_8_152
Streptococcus_31034,99.029,Streptococcus salivarius 27098_8_153
Streptococcus_31034,99.029,Streptococcus n.sp. 27098_8_74
Streptococcus_31034,97.573,Streptococcus n.sp. 20925_1_22
Streptococcus_31034,97.573,Streptococcus n.sp. 27098_8_134
Streptococcus_31034,97.573,Streptococcus sanguinis 27098_8_181
Streptococcus_31034,97.573,Streptococcus n.sp. 27098_8_82
Streptococcus_31035,96.117,Streptococcus chosunense 27098_8_53
Streptococcus_31035,96.117,Streptococcus n.sp. 27098_8_86
Streptococcus_31035,96.117,Streptococcus constellatus 20925_1_21
Streptococcus_31035,98.058,Streptococcus n.sp. 27098_8_113
Streptococcus_31035,98.058,Streptococcus n.sp. 27098_8_73
Streptococcus_31035,97.573,Streptococcus gordonii 27098_8_101
Streptococcus_31035,97.573,Streptococcus n.sp. 27098_8_75
Streptococcus_31035,96.117,Streptococcus n.sp. 20925_1_44
Streptococcus_31035,96.117,Streptococcus n.sp. 27098_8_22
Streptococcus_31035,96.117,Streptococcus n.sp. 27098_8_69
Streptococcus_31035,96.117,Streptococcus n.sp. 27098_8_91
Streptococcus_31035,96.117,Streptococcus n.sp. 20925_1_69
Streptococcus_31035,96.117,Streptococcus n.sp. 27098_8_103
Streptococcus_31035,96.117,Streptococcus n.sp. 27098_8_109
Streptococcus_31035,96.117,Streptococcus n.sp. 27098_8_76
Streptococcus_31035,96.117,Streptococcus mitis 27098_8_87
Streptococcus_31035,95.631,Streptococcus n.sp. 27098_8_23
Streptococcus_31035,96.117,Streptococcus n.sp. 27098_8_51
Streptococcus_31035,96.117,Streptococcus n.sp. 27098_8_70
Streptococcus_31035,98.058,Streptococcus parasanguinis 20925_1_10
Streptococcus_31035,98.058,Streptococcus n.sp. 20925_1_77
Streptococcus_31035,98.058,Streptococcus n.sp. 27098_8_12
Streptococcus_31035,98.058,Streptococcus parasanguinis 20925_1_143
Streptococcus_31035,98.058,Streptococcus n.sp. 27098_8_148
Streptococcus_31035,98.058,Streptococcus parasanguinis 27098_8_150
Streptococcus_31035,98.058,Streptococcus n.sp. 27098_8_177
Streptococcus_31035,98.058,Streptococcus n.sp. 27098_8_186
Streptococcus_31035,98.058,Streptococcus parasanguinis 27098_8_46
Streptococcus_31035,98.058,Streptococcus parasanguinis 27098_8_54
Streptococcus_31035,98.058,Streptococcus n.sp. 27098_8_66
Streptococcus_31035,98.058,Streptococcus n.sp. 27098_8_98
Streptococcus_31035,98.058,Streptococcus n.sp. 27098_8_99
Streptococcus_31035,95.631,Streptococcus anginosus 27098_8_173
Streptococcus_31035,96.117,Streptococcus pseudopneumoniae 20925_1_26
Streptococcus_31035,99.029,Streptococcus salivarius 20925_1_11
Streptococcus_31035,99.029,Streptococcus salivarius 20925_1_13
Streptococcus_31035,99.029,Streptococcus salivarius 27098_8_110
Streptococcus_31035,99.029,Streptococcus salivarius 27098_8_117
Streptococcus_31035,99.029,Streptococcus salivarius 27098_8_119
Streptococcus_31035,99.029,Streptococcus salivarius 27098_8_152
Streptococcus_31035,99.029,Streptococcus salivarius 27098_8_153
Streptococcus_31035,99.029,Streptococcus n.sp. 27098_8_74
Streptococcus_31035,97.573,Streptococcus n.sp. 20925_1_22
Streptococcus_31035,97.573,Streptococcus n.sp. 27098_8_134
Streptococcus_31035,97.573,Streptococcus sanguinis 27098_8_181
Streptococcus_31035,97.573,Streptococcus n.sp. 27098_8_82
Streptococcus_31130,96.602,Streptococcus salivarius 20925_1_11
Streptococcus_31130,96.602,Streptococcus salivarius 20925_1_13
Streptococcus_31130,96.602,Streptococcus salivarius 27098_8_110
Streptococcus_31130,96.602,Streptococcus salivarius 27098_8_117
Streptococcus_31130,96.602,Streptococcus salivarius 27098_8_119
Streptococcus_31130,96.602,Streptococcus salivarius 27098_8_152
Streptococcus_31130,96.602,Streptococcus salivarius 27098_8_153
Streptococcus_31130,96.602,Streptococcus n.sp. 27098_8_74
Streptococcus_31139,96.117,Streptococcus salivarius 20925_1_11
Streptococcus_31139,96.117,Streptococcus salivarius 20925_1_13
Streptococcus_31139,96.117,Streptococcus salivarius 27098_8_110
Streptococcus_31139,96.117,Streptococcus salivarius 27098_8_117
Streptococcus_31139,96.117,Streptococcus salivarius 27098_8_119
Streptococcus_31139,96.117,Streptococcus salivarius 27098_8_152
Streptococcus_31139,96.117,Streptococcus salivarius 27098_8_153
Streptococcus_31139,96.117,Streptococcus n.sp. 27098_8_74
Streptococcus_31174,95.146,Streptococcus chosunense 27098_8_53
Streptococcus_31174,95.146,Streptococcus n.sp. 27098_8_86
Streptococcus_31174,95.631,Streptococcus constellatus 20925_1_21
Streptococcus_31174,97.087,Streptococcus n.sp. 27098_8_113
Streptococcus_31174,97.087,Streptococcus n.sp. 27098_8_73
Streptococcus_31174,96.602,Streptococcus gordonii 27098_8_101
Streptococcus_31174,96.602,Streptococcus n.sp. 27098_8_75
Streptococcus_31174,95.146,Streptococcus n.sp. 20925_1_44
Streptococcus_31174,95.146,Streptococcus n.sp. 27098_8_22
Streptococcus_31174,95.146,Streptococcus n.sp. 27098_8_69
Streptococcus_31174,95.146,Streptococcus n.sp. 27098_8_91
Streptococcus_31174,95.146,Streptococcus n.sp. 20925_1_69
Streptococcus_31174,95.146,Streptococcus n.sp. 27098_8_103
Streptococcus_31174,95.146,Streptococcus n.sp. 27098_8_109
Streptococcus_31174,95.146,Streptococcus n.sp. 27098_8_76
Streptococcus_31174,95.146,Streptococcus mitis 27098_8_87
Streptococcus_31174,95.146,Streptococcus n.sp. 27098_8_51
Streptococcus_31174,95.146,Streptococcus n.sp. 27098_8_70
Streptococcus_31174,97.087,Streptococcus parasanguinis 20925_1_10
Streptococcus_31174,97.087,Streptococcus n.sp. 20925_1_77
Streptococcus_31174,97.087,Streptococcus n.sp. 27098_8_12
Streptococcus_31174,97.087,Streptococcus parasanguinis 20925_1_143
Streptococcus_31174,97.087,Streptococcus n.sp. 27098_8_148
Streptococcus_31174,97.087,Streptococcus parasanguinis 27098_8_150
Streptococcus_31174,97.087,Streptococcus n.sp. 27098_8_177
Streptococcus_31174,97.087,Streptococcus n.sp. 27098_8_186
Streptococcus_31174,97.087,Streptococcus parasanguinis 27098_8_46
Streptococcus_31174,97.087,Streptococcus parasanguinis 27098_8_54
Streptococcus_31174,97.087,Streptococcus n.sp. 27098_8_66
Streptococcus_31174,97.087,Streptococcus n.sp. 27098_8_98
Streptococcus_31174,97.087,Streptococcus n.sp. 27098_8_99
Streptococcus_31174,95.146,Streptococcus anginosus 27098_8_173
Streptococcus_31174,95.146,Streptococcus pseudopneumoniae 20925_1_26
Streptococcus_31174,99.029,Streptococcus salivarius 20925_1_11
Streptococcus_31174,99.029,Streptococcus salivarius 20925_1_13
Streptococcus_31174,99.029,Streptococcus salivarius 27098_8_110
Streptococcus_31174,99.029,Streptococcus salivarius 27098_8_117
Streptococcus_31174,99.029,Streptococcus salivarius 27098_8_119
Streptococcus_31174,99.029,Streptococcus salivarius 27098_8_152
Streptococcus_31174,99.029,Streptococcus salivarius 27098_8_153
Streptococcus_31174,99.029,Streptococcus n.sp. 27098_8_74
Streptococcus_31174,96.602,Streptococcus n.sp. 20925_1_22
Streptococcus_31174,96.602,Streptococcus n.sp. 27098_8_134
Streptococcus_31174,96.602,Streptococcus sanguinis 27098_8_181
Streptococcus_31174,96.602,Streptococcus n.sp. 27098_8_82
Streptococcus_31212,95.631,Streptococcus salivarius 20925_1_11
Streptococcus_31212,95.631,Streptococcus salivarius 20925_1_13
Streptococcus_31212,95.631,Streptococcus salivarius 27098_8_110
Streptococcus_31212,95.631,Streptococcus salivarius 27098_8_117
Streptococcus_31212,95.631,Streptococcus salivarius 27098_8_119
Streptococcus_31212,95.631,Streptococcus salivarius 27098_8_152
Streptococcus_31212,95.631,Streptococcus salivarius 27098_8_153
Streptococcus_31212,95.631,Streptococcus n.sp. 27098_8_74
Streptococcus_31252,96.602,Streptococcus chosunense 27098_8_53
Streptococcus_31252,96.602,Streptococcus n.sp. 27098_8_86
Streptococcus_31252,96.602,Streptococcus n.sp. 27098_8_113
Streptococcus_31252,96.602,Streptococcus n.sp. 27098_8_73
Streptococcus_31252,96.117,Streptococcus gordonii 27098_8_101
Streptococcus_31252,96.117,Streptococcus n.sp. 27098_8_75
Streptococcus_31252,96.602,Streptococcus n.sp. 20925_1_44
Streptococcus_31252,96.602,Streptococcus n.sp. 27098_8_22
Streptococcus_31252,96.602,Streptococcus n.sp. 27098_8_69
Streptococcus_31252,96.602,Streptococcus n.sp. 27098_8_91
Streptococcus_31252,96.602,Streptococcus n.sp. 20925_1_69
Streptococcus_31252,96.602,Streptococcus n.sp. 27098_8_103
Streptococcus_31252,96.602,Streptococcus n.sp. 27098_8_109
Streptococcus_31252,96.602,Streptococcus n.sp. 27098_8_76
Streptococcus_31252,96.602,Streptococcus mitis 27098_8_87
Streptococcus_31252,96.117,Streptococcus n.sp. 27098_8_23
Streptococcus_31252,96.602,Streptococcus n.sp. 27098_8_51
Streptococcus_31252,96.602,Streptococcus n.sp. 27098_8_70
Streptococcus_31252,96.602,Streptococcus parasanguinis 20925_1_10
Streptococcus_31252,96.602,Streptococcus n.sp. 20925_1_77
Streptococcus_31252,96.602,Streptococcus n.sp. 27098_8_12
Streptococcus_31252,96.602,Streptococcus parasanguinis 20925_1_143
Streptococcus_31252,96.602,Streptococcus n.sp. 27098_8_148
Streptococcus_31252,96.602,Streptococcus parasanguinis 27098_8_150
Streptococcus_31252,96.602,Streptococcus n.sp. 27098_8_177
Streptococcus_31252,96.602,Streptococcus n.sp. 27098_8_186
Streptococcus_31252,96.602,Streptococcus parasanguinis 27098_8_46
Streptococcus_31252,96.602,Streptococcus parasanguinis 27098_8_54
Streptococcus_31252,96.602,Streptococcus n.sp. 27098_8_66
Streptococcus_31252,96.602,Streptococcus n.sp. 27098_8_98
Streptococcus_31252,96.602,Streptococcus n.sp. 27098_8_99
Streptococcus_31252,96.602,Streptococcus pseudopneumoniae 20925_1_26
Streptococcus_31252,98.544,Streptococcus salivarius 20925_1_11
Streptococcus_31252,98.544,Streptococcus salivarius 20925_1_13
Streptococcus_31252,98.544,Streptococcus salivarius 27098_8_110
Streptococcus_31252,98.544,Streptococcus salivarius 27098_8_117
Streptococcus_31252,98.544,Streptococcus salivarius 27098_8_119
Streptococcus_31252,98.544,Streptococcus salivarius 27098_8_152
Streptococcus_31252,98.544,Streptococcus salivarius 27098_8_153
Streptococcus_31252,98.544,Streptococcus n.sp. 27098_8_74
Streptococcus_31252,96.117,Streptococcus n.sp. 20925_1_22
Streptococcus_31252,96.117,Streptococcus n.sp. 27098_8_134
Streptococcus_31252,96.117,Streptococcus sanguinis 27098_8_181
Streptococcus_31252,96.117,Streptococcus n.sp. 27098_8_82
Streptococcus_31265,96.602,Streptococcus n.sp. 27098_8_113
Streptococcus_31265,96.602,Streptococcus n.sp. 27098_8_73
Streptococcus_31265,96.117,Streptococcus gordonii 27098_8_101
Streptococcus_31265,96.117,Streptococcus n.sp. 27098_8_75
Streptococcus_31265,96.602,Streptococcus parasanguinis 20925_1_10
Streptococcus_31265,96.602,Streptococcus n.sp. 20925_1_77
Streptococcus_31265,96.602,Streptococcus n.sp. 27098_8_12
Streptococcus_31265,96.602,Streptococcus parasanguinis 20925_1_143
Streptococcus_31265,96.602,Streptococcus n.sp. 27098_8_148
Streptococcus_31265,96.602,Streptococcus parasanguinis 27098_8_150
Streptococcus_31265,96.602,Streptococcus n.sp. 27098_8_177
Streptococcus_31265,96.602,Streptococcus n.sp. 27098_8_186
Streptococcus_31265,96.602,Streptococcus parasanguinis 27098_8_46
Streptococcus_31265,96.602,Streptococcus parasanguinis 27098_8_54
Streptococcus_31265,96.602,Streptococcus n.sp. 27098_8_66
Streptococcus_31265,96.602,Streptococcus n.sp. 27098_8_98
Streptococcus_31265,96.602,Streptococcus n.sp. 27098_8_99
Streptococcus_31265,96.602,Streptococcus salivarius 20925_1_11
Streptococcus_31265,96.602,Streptococcus salivarius 20925_1_13
Streptococcus_31265,96.602,Streptococcus salivarius 27098_8_110
Streptococcus_31265,96.602,Streptococcus salivarius 27098_8_117
Streptococcus_31265,96.602,Streptococcus salivarius 27098_8_119
Streptococcus_31265,96.602,Streptococcus salivarius 27098_8_152
Streptococcus_31265,96.602,Streptococcus salivarius 27098_8_153
Streptococcus_31265,96.602,Streptococcus n.sp. 27098_8_74
Streptococcus_31265,96.117,Streptococcus n.sp. 20925_1_22
Streptococcus_31265,96.117,Streptococcus n.sp. 27098_8_134
Streptococcus_31265,96.117,Streptococcus sanguinis 27098_8_181
Streptococcus_31265,96.117,Streptococcus n.sp. 27098_8_82
Streptococcus_31266,95.631,Streptococcus chosunense 27098_8_53
Streptococcus_31266,95.631,Streptococcus n.sp. 27098_8_86
Streptococcus_31266,95.631,Streptococcus n.sp. 20925_1_44
Streptococcus_31266,95.631,Streptococcus n.sp. 27098_8_22
Streptococcus_31266,95.631,Streptococcus n.sp. 27098_8_69
Streptococcus_31266,95.631,Streptococcus n.sp. 27098_8_91
Streptococcus_31266,95.631,Streptococcus n.sp. 20925_1_69
Streptococcus_31266,95.631,Streptococcus n.sp. 27098_8_103
Streptococcus_31266,95.631,Streptococcus n.sp. 27098_8_109
Streptococcus_31266,95.631,Streptococcus n.sp. 27098_8_76
Streptococcus_31266,95.631,Streptococcus mitis 27098_8_87
Streptococcus_31266,95.146,Streptococcus n.sp. 27098_8_23
Streptococcus_31266,95.631,Streptococcus n.sp. 27098_8_51
Streptococcus_31266,95.631,Streptococcus n.sp. 27098_8_70
Streptococcus_31266,95.631,Streptococcus pseudopneumoniae 20925_1_26
Streptococcus_31266,95.631,Streptococcus salivarius 20925_1_11
Streptococcus_31266,95.631,Streptococcus salivarius 20925_1_13
Streptococcus_31266,95.631,Streptococcus salivarius 27098_8_110
Streptococcus_31266,95.631,Streptococcus salivarius 27098_8_117
Streptococcus_31266,95.631,Streptococcus salivarius 27098_8_119
Streptococcus_31266,95.631,Streptococcus salivarius 27098_8_152
Streptococcus_31266,95.631,Streptococcus salivarius 27098_8_153
Streptococcus_31266,95.631,Streptococcus n.sp. 27098_8_74
Streptococcus_31271,95.631,Streptococcus salivarius 20925_1_11
Streptococcus_31271,95.631,Streptococcus salivarius 20925_1_13
Streptococcus_31271,95.631,Streptococcus salivarius 27098_8_110
Streptococcus_31271,95.631,Streptococcus salivarius 27098_8_117
Streptococcus_31271,95.631,Streptococcus salivarius 27098_8_119
Streptococcus_31271,95.631,Streptococcus salivarius 27098_8_152
Streptococcus_31271,95.631,Streptococcus salivarius 27098_8_153
Streptococcus_31271,95.631,Streptococcus n.sp. 27098_8_74
Streptococcus_31300,95.631,Streptococcus chosunense 27098_8_53
Streptococcus_31300,95.631,Streptococcus n.sp. 27098_8_86
Streptococcus_31300,95.631,Streptococcus constellatus 20925_1_21
Streptococcus_31300,97.573,Streptococcus n.sp. 27098_8_113
Streptococcus_31300,97.573,Streptococcus n.sp. 27098_8_73
Streptococcus_31300,97.087,Streptococcus gordonii 27098_8_101
Streptococcus_31300,97.087,Streptococcus n.sp. 27098_8_75
Streptococcus_31300,95.631,Streptococcus n.sp. 20925_1_44
Streptococcus_31300,95.631,Streptococcus n.sp. 27098_8_22
Streptococcus_31300,95.631,Streptococcus n.sp. 27098_8_69
Streptococcus_31300,95.631,Streptococcus n.sp. 27098_8_91
Streptococcus_31300,95.631,Streptococcus n.sp. 20925_1_69
Streptococcus_31300,95.631,Streptococcus n.sp. 27098_8_103
Streptococcus_31300,95.631,Streptococcus n.sp. 27098_8_109
Streptococcus_31300,95.631,Streptococcus n.sp. 27098_8_76
Streptococcus_31300,95.631,Streptococcus mitis 27098_8_87
Streptococcus_31300,95.146,Streptococcus n.sp. 27098_8_23
Streptococcus_31300,95.631,Streptococcus n.sp. 27098_8_51
Streptococcus_31300,95.631,Streptococcus n.sp. 27098_8_70
Streptococcus_31300,97.573,Streptococcus parasanguinis 20925_1_10
Streptococcus_31300,97.573,Streptococcus n.sp. 20925_1_77
Streptococcus_31300,97.573,Streptococcus n.sp. 27098_8_12
Streptococcus_31300,97.573,Streptococcus parasanguinis 20925_1_143
Streptococcus_31300,97.573,Streptococcus n.sp. 27098_8_148
Streptococcus_31300,97.573,Streptococcus parasanguinis 27098_8_150
Streptococcus_31300,97.573,Streptococcus n.sp. 27098_8_177
Streptococcus_31300,97.573,Streptococcus n.sp. 27098_8_186
Streptococcus_31300,97.573,Streptococcus parasanguinis 27098_8_46
Streptococcus_31300,97.573,Streptococcus parasanguinis 27098_8_54
Streptococcus_31300,97.573,Streptococcus n.sp. 27098_8_66
Streptococcus_31300,97.573,Streptococcus n.sp. 27098_8_98
Streptococcus_31300,97.573,Streptococcus n.sp. 27098_8_99
Streptococcus_31300,95.146,Streptococcus anginosus 27098_8_173
Streptococcus_31300,95.631,Streptococcus pseudopneumoniae 20925_1_26
Streptococcus_31300,97.573,Streptococcus salivarius 20925_1_11
Streptococcus_31300,97.573,Streptococcus salivarius 20925_1_13
Streptococcus_31300,97.573,Streptococcus salivarius 27098_8_110
Streptococcus_31300,97.573,Streptococcus salivarius 27098_8_117
Streptococcus_31300,97.573,Streptococcus salivarius 27098_8_119
Streptococcus_31300,97.573,Streptococcus salivarius 27098_8_152
Streptococcus_31300,97.573,Streptococcus salivarius 27098_8_153
Streptococcus_31300,97.573,Streptococcus n.sp. 27098_8_74
Streptococcus_31300,97.087,Streptococcus n.sp. 20925_1_22
Streptococcus_31300,97.087,Streptococcus n.sp. 27098_8_134
Streptococcus_31300,97.087,Streptococcus sanguinis 27098_8_181
Streptococcus_31300,97.087,Streptococcus n.sp. 27098_8_82
Streptococcus_31361,98.544,Streptococcus chosunense 27098_8_53
Streptococcus_31361,98.544,Streptococcus n.sp. 27098_8_86
Streptococcus_31361,96.602,Streptococcus n.sp. 27098_8_113
Streptococcus_31361,96.602,Streptococcus n.sp. 27098_8_73
Streptococcus_31361,96.117,Streptococcus gordonii 27098_8_101
Streptococcus_31361,96.117,Streptococcus n.sp. 27098_8_75
Streptococcus_31361,98.544,Streptococcus n.sp. 20925_1_44
Streptococcus_31361,98.544,Streptococcus n.sp. 27098_8_22
Streptococcus_31361,98.544,Streptococcus n.sp. 27098_8_69
Streptococcus_31361,98.544,Streptococcus n.sp. 27098_8_91
Streptococcus_31361,98.544,Streptococcus n.sp. 20925_1_69
Streptococcus_31361,98.544,Streptococcus n.sp. 27098_8_103
Streptococcus_31361,98.544,Streptococcus n.sp. 27098_8_109
Streptococcus_31361,98.544,Streptococcus n.sp. 27098_8_76
Streptococcus_31361,98.544,Streptococcus mitis 27098_8_87
Streptococcus_31361,98.058,Streptococcus n.sp. 27098_8_23
Streptococcus_31361,98.544,Streptococcus n.sp. 27098_8_51
Streptococcus_31361,98.544,Streptococcus n.sp. 27098_8_70
Streptococcus_31361,96.602,Streptococcus parasanguinis 20925_1_10
Streptococcus_31361,96.602,Streptococcus n.sp. 20925_1_77
Streptococcus_31361,96.602,Streptococcus n.sp. 27098_8_12
Streptococcus_31361,96.602,Streptococcus parasanguinis 20925_1_143
Streptococcus_31361,96.602,Streptococcus n.sp. 27098_8_148
Streptococcus_31361,96.602,Streptococcus parasanguinis 27098_8_150
Streptococcus_31361,96.602,Streptococcus n.sp. 27098_8_177
Streptococcus_31361,96.602,Streptococcus n.sp. 27098_8_186
Streptococcus_31361,96.602,Streptococcus parasanguinis 27098_8_46
Streptococcus_31361,96.602,Streptococcus parasanguinis 27098_8_54
Streptococcus_31361,96.602,Streptococcus n.sp. 27098_8_66
Streptococcus_31361,96.602,Streptococcus n.sp. 27098_8_98
Streptococcus_31361,96.602,Streptococcus n.sp. 27098_8_99
Streptococcus_31361,98.544,Streptococcus pseudopneumoniae 20925_1_26
Streptococcus_31361,95.631,Streptococcus salivarius 20925_1_11
Streptococcus_31361,95.631,Streptococcus salivarius 20925_1_13
Streptococcus_31361,95.631,Streptococcus salivarius 27098_8_110
Streptococcus_31361,95.631,Streptococcus salivarius 27098_8_117
Streptococcus_31361,95.631,Streptococcus salivarius 27098_8_119
Streptococcus_31361,95.631,Streptococcus salivarius 27098_8_152
Streptococcus_31361,95.631,Streptococcus salivarius 27098_8_153
Streptococcus_31361,95.631,Streptococcus n.sp. 27098_8_74
Streptococcus_31361,96.117,Streptococcus n.sp. 20925_1_22
Streptococcus_31361,96.117,Streptococcus n.sp. 27098_8_134
Streptococcus_31361,96.117,Streptococcus sanguinis 27098_8_181
Streptococcus_31361,96.117,Streptococcus n.sp. 27098_8_82
Streptococcus_31430,95.631,Streptococcus chosunense 27098_8_53
Streptococcus_31430,95.631,Streptococcus n.sp. 27098_8_86
Streptococcus_31430,99.515,Streptococcus constellatus 20925_1_21
Streptococcus_31430,97.573,Streptococcus n.sp. 27098_8_113
Streptococcus_31430,97.573,Streptococcus n.sp. 27098_8_73
Streptococcus_31430,98.058,Streptococcus gordonii 27098_8_101
Streptococcus_31430,98.058,Streptococcus n.sp. 27098_8_75
Streptococcus_31430,95.631,Streptococcus n.sp. 20925_1_44
Streptococcus_31430,95.631,Streptococcus n.sp. 27098_8_22
Streptococcus_31430,95.631,Streptococcus n.sp. 27098_8_69
Streptococcus_31430,95.631,Streptococcus n.sp. 27098_8_91
Streptococcus_31430,95.631,Streptococcus n.sp. 20925_1_69
Streptococcus_31430,95.631,Streptococcus n.sp. 27098_8_103
Streptococcus_31430,95.631,Streptococcus n.sp. 27098_8_109
Streptococcus_31430,95.631,Streptococcus n.sp. 27098_8_76
Streptococcus_31430,95.631,Streptococcus mitis 27098_8_87
Streptococcus_31430,95.146,Streptococcus n.sp. 27098_8_23
Streptococcus_31430,95.631,Streptococcus n.sp. 27098_8_51
Streptococcus_31430,95.631,Streptococcus n.sp. 27098_8_70
Streptococcus_31430,97.573,Streptococcus parasanguinis 20925_1_10
Streptococcus_31430,97.573,Streptococcus n.sp. 20925_1_77
Streptococcus_31430,97.573,Streptococcus n.sp. 27098_8_12
Streptococcus_31430,97.573,Streptococcus parasanguinis 20925_1_143
Streptococcus_31430,97.573,Streptococcus n.sp. 27098_8_148
Streptococcus_31430,97.573,Streptococcus parasanguinis 27098_8_150
Streptococcus_31430,97.573,Streptococcus n.sp. 27098_8_177
Streptococcus_31430,97.573,Streptococcus n.sp. 27098_8_186
Streptococcus_31430,97.573,Streptococcus parasanguinis 27098_8_46
Streptococcus_31430,97.573,Streptococcus parasanguinis 27098_8_54
Streptococcus_31430,97.573,Streptococcus n.sp. 27098_8_66
Streptococcus_31430,97.573,Streptococcus n.sp. 27098_8_98
Streptococcus_31430,97.573,Streptococcus n.sp. 27098_8_99
Streptococcus_31430,99.029,Streptococcus anginosus 27098_8_173
Streptococcus_31430,95.631,Streptococcus pseudopneumoniae 20925_1_26
Streptococcus_31430,96.602,Streptococcus salivarius 20925_1_11
Streptococcus_31430,96.602,Streptococcus salivarius 20925_1_13
Streptococcus_31430,96.602,Streptococcus salivarius 27098_8_110
Streptococcus_31430,96.602,Streptococcus salivarius 27098_8_117
Streptococcus_31430,96.602,Streptococcus salivarius 27098_8_119
Streptococcus_31430,96.602,Streptococcus salivarius 27098_8_152
Streptococcus_31430,96.602,Streptococcus salivarius 27098_8_153
Streptococcus_31430,96.602,Streptococcus n.sp. 27098_8_74
Streptococcus_31430,97.573,Streptococcus n.sp. 20925_1_22
Streptococcus_31430,97.573,Streptococcus n.sp. 27098_8_134
Streptococcus_31430,97.573,Streptococcus sanguinis 27098_8_181
Streptococcus_31430,97.573,Streptococcus n.sp. 27098_8_82
Streptococcus_31434,99.515,Streptococcus constellatus 20925_1_21
Streptococcus_31434,96.602,Streptococcus n.sp. 27098_8_113
Streptococcus_31434,96.602,Streptococcus n.sp. 27098_8_73
Streptococcus_31434,97.087,Streptococcus gordonii 27098_8_101
Streptococcus_31434,97.087,Streptococcus n.sp. 27098_8_75
Streptococcus_31434,96.602,Streptococcus parasanguinis 20925_1_10
Streptococcus_31434,96.602,Streptococcus n.sp. 20925_1_77
Streptococcus_31434,96.602,Streptococcus n.sp. 27098_8_12
Streptococcus_31434,96.602,Streptococcus parasanguinis 20925_1_143
Streptococcus_31434,96.602,Streptococcus n.sp. 27098_8_148
Streptococcus_31434,96.602,Streptococcus parasanguinis 27098_8_150
Streptococcus_31434,96.602,Streptococcus n.sp. 27098_8_177
Streptococcus_31434,96.602,Streptococcus n.sp. 27098_8_186
Streptococcus_31434,96.602,Streptococcus parasanguinis 27098_8_46
Streptococcus_31434,96.602,Streptococcus parasanguinis 27098_8_54
Streptococcus_31434,96.602,Streptococcus n.sp. 27098_8_66
Streptococcus_31434,96.602,Streptococcus n.sp. 27098_8_98
Streptococcus_31434,96.602,Streptococcus n.sp. 27098_8_99
Streptococcus_31434,99.029,Streptococcus anginosus 27098_8_173
Streptococcus_31434,95.631,Streptococcus salivarius 20925_1_11
Streptococcus_31434,95.631,Streptococcus salivarius 20925_1_13
Streptococcus_31434,95.631,Streptococcus salivarius 27098_8_110
Streptococcus_31434,95.631,Streptococcus salivarius 27098_8_117
Streptococcus_31434,95.631,Streptococcus salivarius 27098_8_119
Streptococcus_31434,95.631,Streptococcus salivarius 27098_8_152
Streptococcus_31434,95.631,Streptococcus salivarius 27098_8_153
Streptococcus_31434,95.631,Streptococcus n.sp. 27098_8_74
Streptococcus_31434,96.602,Streptococcus n.sp. 20925_1_22
Streptococcus_31434,96.602,Streptococcus n.sp. 27098_8_134
Streptococcus_31434,96.602,Streptococcus sanguinis 27098_8_181
Streptococcus_31434,96.602,Streptococcus n.sp. 27098_8_82
Streptococcus_31436,98.544,Streptococcus constellatus 20925_1_21
Streptococcus_31436,95.631,Streptococcus n.sp. 27098_8_113
Streptococcus_31436,95.631,Streptococcus n.sp. 27098_8_73
Streptococcus_31436,96.117,Streptococcus gordonii 27098_8_101
Streptococcus_31436,96.117,Streptococcus n.sp. 27098_8_75
Streptococcus_31436,95.631,Streptococcus parasanguinis 20925_1_10
Streptococcus_31436,95.631,Streptococcus n.sp. 20925_1_77
Streptococcus_31436,95.631,Streptococcus n.sp. 27098_8_12
Streptococcus_31436,95.631,Streptococcus parasanguinis 20925_1_143
Streptococcus_31436,95.631,Streptococcus n.sp. 27098_8_148
Streptococcus_31436,95.631,Streptococcus parasanguinis 27098_8_150
Streptococcus_31436,95.631,Streptococcus n.sp. 27098_8_177
Streptococcus_31436,95.631,Streptococcus n.sp. 27098_8_186
Streptococcus_31436,95.631,Streptococcus parasanguinis 27098_8_46
Streptococcus_31436,95.631,Streptococcus parasanguinis 27098_8_54
Streptococcus_31436,95.631,Streptococcus n.sp. 27098_8_66
Streptococcus_31436,95.631,Streptococcus n.sp. 27098_8_98
Streptococcus_31436,95.631,Streptococcus n.sp. 27098_8_99
Streptococcus_31436,98.058,Streptococcus anginosus 27098_8_173
Streptococcus_31436,97.573,Streptococcus salivarius 20925_1_11
Streptococcus_31436,97.573,Streptococcus salivarius 20925_1_13
Streptococcus_31436,97.573,Streptococcus salivarius 27098_8_110
Streptococcus_31436,97.573,Streptococcus salivarius 27098_8_117
Streptococcus_31436,97.573,Streptococcus salivarius 27098_8_119
Streptococcus_31436,97.573,Streptococcus salivarius 27098_8_152
Streptococcus_31436,97.573,Streptococcus salivarius 27098_8_153
Streptococcus_31436,97.573,Streptococcus n.sp. 27098_8_74
Streptococcus_31436,95.631,Streptococcus n.sp. 20925_1_22
Streptococcus_31436,95.631,Streptococcus n.sp. 27098_8_134
Streptococcus_31436,95.631,Streptococcus sanguinis 27098_8_181
Streptococcus_31436,95.631,Streptococcus n.sp. 27098_8_82
Streptococcus_31437,95.146,Streptococcus chosunense 27098_8_53
Streptococcus_31437,95.146,Streptococcus n.sp. 27098_8_86
Streptococcus_31437,100,Streptococcus constellatus 20925_1_21
Streptococcus_31437,97.087,Streptococcus n.sp. 27098_8_113
Streptococcus_31437,97.087,Streptococcus n.sp. 27098_8_73
Streptococcus_31437,97.573,Streptococcus gordonii 27098_8_101
Streptococcus_31437,97.573,Streptococcus n.sp. 27098_8_75
Streptococcus_31437,95.146,Streptococcus n.sp. 20925_1_44
Streptococcus_31437,95.146,Streptococcus n.sp. 27098_8_22
Streptococcus_31437,95.146,Streptococcus n.sp. 27098_8_69
Streptococcus_31437,95.146,Streptococcus n.sp. 27098_8_91
Streptococcus_31437,95.146,Streptococcus n.sp. 20925_1_69
Streptococcus_31437,95.146,Streptococcus n.sp. 27098_8_103
Streptococcus_31437,95.146,Streptococcus n.sp. 27098_8_109
Streptococcus_31437,95.146,Streptococcus n.sp. 27098_8_76
Streptococcus_31437,95.146,Streptococcus mitis 27098_8_87
Streptococcus_31437,95.146,Streptococcus n.sp. 27098_8_51
Streptococcus_31437,95.146,Streptococcus n.sp. 27098_8_70
Streptococcus_31437,97.087,Streptococcus parasanguinis 20925_1_10
Streptococcus_31437,97.087,Streptococcus n.sp. 20925_1_77
Streptococcus_31437,97.087,Streptococcus n.sp. 27098_8_12
Streptococcus_31437,97.087,Streptococcus parasanguinis 20925_1_143
Streptococcus_31437,97.087,Streptococcus n.sp. 27098_8_148
Streptococcus_31437,97.087,Streptococcus parasanguinis 27098_8_150
Streptococcus_31437,97.087,Streptococcus n.sp. 27098_8_177
Streptococcus_31437,97.087,Streptococcus n.sp. 27098_8_186
Streptococcus_31437,97.087,Streptococcus parasanguinis 27098_8_46
Streptococcus_31437,97.087,Streptococcus parasanguinis 27098_8_54
Streptococcus_31437,97.087,Streptococcus n.sp. 27098_8_66
Streptococcus_31437,97.087,Streptococcus n.sp. 27098_8_98
Streptococcus_31437,97.087,Streptococcus n.sp. 27098_8_99
Streptococcus_31437,99.515,Streptococcus anginosus 27098_8_173
Streptococcus_31437,95.146,Streptococcus pseudopneumoniae 20925_1_26
Streptococcus_31437,96.117,Streptococcus salivarius 20925_1_11
Streptococcus_31437,96.117,Streptococcus salivarius 20925_1_13
Streptococcus_31437,96.117,Streptococcus salivarius 27098_8_110
Streptococcus_31437,96.117,Streptococcus salivarius 27098_8_117
Streptococcus_31437,96.117,Streptococcus salivarius 27098_8_119
Streptococcus_31437,96.117,Streptococcus salivarius 27098_8_152
Streptococcus_31437,96.117,Streptococcus salivarius 27098_8_153
Streptococcus_31437,96.117,Streptococcus n.sp. 27098_8_74
Streptococcus_31437,97.087,Streptococcus n.sp. 20925_1_22
Streptococcus_31437,97.087,Streptococcus n.sp. 27098_8_134
Streptococcus_31437,97.087,Streptococcus sanguinis 27098_8_181
Streptococcus_31437,97.087,Streptococcus n.sp. 27098_8_82
Streptococcus_31441,98.544,Streptococcus constellatus 20925_1_21
Streptococcus_31441,96.602,Streptococcus n.sp. 27098_8_113
Streptococcus_31441,96.602,Streptococcus n.sp. 27098_8_73
Streptococcus_31441,97.087,Streptococcus gordonii 27098_8_101
Streptococcus_31441,97.087,Streptococcus n.sp. 27098_8_75
Streptococcus_31441,96.602,Streptococcus parasanguinis 20925_1_10
Streptococcus_31441,96.602,Streptococcus n.sp. 20925_1_77
Streptococcus_31441,96.602,Streptococcus n.sp. 27098_8_12
Streptococcus_31441,96.602,Streptococcus parasanguinis 20925_1_143
Streptococcus_31441,96.602,Streptococcus n.sp. 27098_8_148
Streptococcus_31441,96.602,Streptococcus parasanguinis 27098_8_150
Streptococcus_31441,96.602,Streptococcus n.sp. 27098_8_177
Streptococcus_31441,96.602,Streptococcus n.sp. 27098_8_186
Streptococcus_31441,96.602,Streptococcus parasanguinis 27098_8_46
Streptococcus_31441,96.602,Streptococcus parasanguinis 27098_8_54
Streptococcus_31441,96.602,Streptococcus n.sp. 27098_8_66
Streptococcus_31441,96.602,Streptococcus n.sp. 27098_8_98
Streptococcus_31441,96.602,Streptococcus n.sp. 27098_8_99
Streptococcus_31441,99.029,Streptococcus anginosus 27098_8_173
Streptococcus_31441,95.631,Streptococcus salivarius 20925_1_11
Streptococcus_31441,95.631,Streptococcus salivarius 20925_1_13
Streptococcus_31441,95.631,Streptococcus salivarius 27098_8_110
Streptococcus_31441,95.631,Streptococcus salivarius 27098_8_117
Streptococcus_31441,95.631,Streptococcus salivarius 27098_8_119
Streptococcus_31441,95.631,Streptococcus salivarius 27098_8_152
Streptococcus_31441,95.631,Streptococcus salivarius 27098_8_153
Streptococcus_31441,95.631,Streptococcus n.sp. 27098_8_74
Streptococcus_31441,96.602,Streptococcus n.sp. 20925_1_22
Streptococcus_31441,96.602,Streptococcus n.sp. 27098_8_134
Streptococcus_31441,96.602,Streptococcus sanguinis 27098_8_181
Streptococcus_31441,96.602,Streptococcus n.sp. 27098_8_82
Streptococcus_31444,99.515,Streptococcus constellatus 20925_1_21
Streptococcus_31444,96.602,Streptococcus n.sp. 27098_8_113
Streptococcus_31444,96.602,Streptococcus n.sp. 27098_8_73
Streptococcus_31444,97.087,Streptococcus gordonii 27098_8_101
Streptococcus_31444,97.087,Streptococcus n.sp. 27098_8_75
Streptococcus_31444,96.602,Streptococcus parasanguinis 20925_1_10
Streptococcus_31444,96.602,Streptococcus n.sp. 20925_1_77
Streptococcus_31444,96.602,Streptococcus n.sp. 27098_8_12
Streptococcus_31444,96.602,Streptococcus parasanguinis 20925_1_143
Streptococcus_31444,96.602,Streptococcus n.sp. 27098_8_148
Streptococcus_31444,96.602,Streptococcus parasanguinis 27098_8_150
Streptococcus_31444,96.602,Streptococcus n.sp. 27098_8_177
Streptococcus_31444,96.602,Streptococcus n.sp. 27098_8_186
Streptococcus_31444,96.602,Streptococcus parasanguinis 27098_8_46
Streptococcus_31444,96.602,Streptococcus parasanguinis 27098_8_54
Streptococcus_31444,96.602,Streptococcus n.sp. 27098_8_66
Streptococcus_31444,96.602,Streptococcus n.sp. 27098_8_98
Streptococcus_31444,96.602,Streptococcus n.sp. 27098_8_99
Streptococcus_31444,100,Streptococcus anginosus 27098_8_173
Streptococcus_31444,95.631,Streptococcus salivarius 20925_1_11
Streptococcus_31444,95.631,Streptococcus salivarius 20925_1_13
Streptococcus_31444,95.631,Streptococcus salivarius 27098_8_110
Streptococcus_31444,95.631,Streptococcus salivarius 27098_8_117
Streptococcus_31444,95.631,Streptococcus salivarius 27098_8_119
Streptococcus_31444,95.631,Streptococcus salivarius 27098_8_152
Streptococcus_31444,95.631,Streptococcus salivarius 27098_8_153
Streptococcus_31444,95.631,Streptococcus n.sp. 27098_8_74
Streptococcus_31444,96.602,Streptococcus n.sp. 20925_1_22
Streptococcus_31444,96.602,Streptococcus n.sp. 27098_8_134
Streptococcus_31444,96.602,Streptococcus sanguinis 27098_8_181
Streptococcus_31444,96.602,Streptococcus n.sp. 27098_8_82
Leptotrichia_31487,96.618,Leptotrichia wadei 27098_8_16
Leptotrichia_31493,,no_isolate
Leptotrichia_31495,95.169,Leptotrichia wadei 27098_8_16
Leptotrichia_31512,95.169,Leptotrichia wadei 27098_8_16
Leptotrichia_31657,95.652,Leptotrichia wadei 27098_8_16
Leptotrichia_31665,96.618,Leptotrichia wadei 27098_8_16
Leptotrichia_31667,,no_isolate
Leptotrichia_31702,,no_isolate
Leptotrichia_31800,,no_isolate
Leptotrichia_31803,,no_isolate
Leptotrichia_31815,,no_isolate
Leptotrichia_31824,,no_isolate
Leptotrichia_31842,,no_isolate
Leptotrichia_31848,,no_isolate
Streptobacillus_31853,,no_isolate
Streptobacillus_31854,,no_isolate
Leptotrichiaceae_31862,,no_isolate
Leptotrichiaceae_31863,,no_isolate
Leptotrichiaceae_31864,,no_isolate
Leptotrichiaceae_31868,,no_isolate
Leptotrichiaceae_31871,,no_isolate
Streptobacillus_31877,,no_isolate
Leptotrichia_31880,,no_isolate
Leptotrichia_31884,,no_isolate
Leptotrichia_31889,,no_isolate
Leptotrichia_31890,,no_isolate
Leptotrichia_31910,,no_isolate
Leptotrichiaceae_32040,,no_isolate
Leptotrichia_32056,,no_isolate
Leptotrichiaceae_32067,,no_isolate
Leptotrichia_32182,,no_isolate
Leptotrichia_32185,,no_isolate
Leptotrichia_32196,,no_isolate
Leptotrichia_32198,,no_isolate
Leptotrichia_32203,,no_isolate
Leptotrichia_32207,,no_isolate
Leptotrichia_32220,,no_isolate
Leptotrichia_32243,,no_isolate
Leptotrichia_32248,,no_isolate
Leptotrichia_32252,,no_isolate
Leptotrichia_32267,,no_isolate
Leptotrichia_32269,,no_isolate
Leptotrichia_32293,,no_isolate
Leptotrichia_32301,,no_isolate
Leptotrichia_32351,,no_isolate
Leptotrichia_32353,,no_isolate
Leptotrichia_32376,,no_isolate
Leptotrichia_32377,,no_isolate
Leptotrichia_32549,,no_isolate
Leptotrichia_32554,95.652,Leptotrichia wadei 27098_8_16
Leptotrichia_32567,,no_isolate
Leptotrichia_32571,,no_isolate
Leptotrichia_32575,,no_isolate
Leptotrichia_32580,,no_isolate
Leptotrichia_32581,,no_isolate
Leptotrichia_32582,,no_isolate
Leptotrichia_32614,99.034,Leptotrichia wadei 27098_8_16
Leptotrichia_32624,99.517,Leptotrichia wadei 27098_8_16
Leptotrichia_32689,100,Leptotrichia wadei 27098_8_16
Leptotrichia_32716,96.618,Leptotrichia wadei 27098_8_16
Leptotrichia_32717,97.101,Leptotrichia wadei 27098_8_16
Leptotrichia_32718,97.101,Leptotrichia wadei 27098_8_16
Leptotrichia_32722,,no_isolate
Leptotrichia_32723,95.652,Leptotrichia wadei 27098_8_16
Leptotrichia_32724,95.169,Leptotrichia wadei 27098_8_16
Leptotrichia_32729,96.135,Leptotrichia wadei 27098_8_16
Leptotrichia_32730,96.618,Leptotrichia wadei 27098_8_16
Leptotrichia_32736,97.101,Leptotrichia wadei 27098_8_16
Leptotrichia_32740,96.135,Leptotrichia wadei 27098_8_16
Leptotrichia_32769,98.068,Leptotrichia wadei 27098_8_16
Leptotrichia_32823,,no_isolate
Streptococcus_32923,99.515,Streptococcus chosunense 27098_8_53
Streptococcus_32923,99.515,Streptococcus n.sp. 27098_8_86
Streptococcus_32923,95.631,Streptococcus constellatus 20925_1_21
Streptococcus_32923,98.544,Streptococcus n.sp. 27098_8_113
Streptococcus_32923,98.544,Streptococcus n.sp. 27098_8_73
Streptococcus_32923,98.058,Streptococcus gordonii 27098_8_101
Streptococcus_32923,98.058,Streptococcus n.sp. 27098_8_75
Streptococcus_32923,99.515,Streptococcus n.sp. 20925_1_44
Streptococcus_32923,99.515,Streptococcus n.sp. 27098_8_22
Streptococcus_32923,99.515,Streptococcus n.sp. 27098_8_69
Streptococcus_32923,99.515,Streptococcus n.sp. 27098_8_91
Streptococcus_32923,99.515,Streptococcus n.sp. 20925_1_69
Streptococcus_32923,99.515,Streptococcus n.sp. 27098_8_103
Streptococcus_32923,99.515,Streptococcus n.sp. 27098_8_109
Streptococcus_32923,99.515,Streptococcus n.sp. 27098_8_76
Streptococcus_32923,99.515,Streptococcus mitis 27098_8_87
Streptococcus_32923,99.029,Streptococcus n.sp. 27098_8_23
Streptococcus_32923,99.515,Streptococcus n.sp. 27098_8_51
Streptococcus_32923,99.515,Streptococcus n.sp. 27098_8_70
Streptococcus_32923,98.544,Streptococcus parasanguinis 20925_1_10
Streptococcus_32923,98.544,Streptococcus n.sp. 20925_1_77
Streptococcus_32923,98.544,Streptococcus n.sp. 27098_8_12
Streptococcus_32923,98.544,Streptococcus parasanguinis 20925_1_143
Streptococcus_32923,98.544,Streptococcus n.sp. 27098_8_148
Streptococcus_32923,98.544,Streptococcus parasanguinis 27098_8_150
Streptococcus_32923,98.544,Streptococcus n.sp. 27098_8_177
Streptococcus_32923,98.544,Streptococcus n.sp. 27098_8_186
Streptococcus_32923,98.544,Streptococcus parasanguinis 27098_8_46
Streptococcus_32923,98.544,Streptococcus parasanguinis 27098_8_54
Streptococcus_32923,98.544,Streptococcus n.sp. 27098_8_66
Streptococcus_32923,98.544,Streptococcus n.sp. 27098_8_98
Streptococcus_32923,98.544,Streptococcus n.sp. 27098_8_99
Streptococcus_32923,95.146,Streptococcus anginosus 27098_8_173
Streptococcus_32923,99.515,Streptococcus pseudopneumoniae 20925_1_26
Streptococcus_32923,95.631,Streptococcus salivarius 20925_1_11
Streptococcus_32923,95.631,Streptococcus salivarius 20925_1_13
Streptococcus_32923,95.631,Streptococcus salivarius 27098_8_110
Streptococcus_32923,95.631,Streptococcus salivarius 27098_8_117
Streptococcus_32923,95.631,Streptococcus salivarius 27098_8_119
Streptococcus_32923,95.631,Streptococcus salivarius 27098_8_152
Streptococcus_32923,95.631,Streptococcus salivarius 27098_8_153
Streptococcus_32923,95.631,Streptococcus n.sp. 27098_8_74
Streptococcus_32923,98.058,Streptococcus n.sp. 20925_1_22
Streptococcus_32923,98.058,Streptococcus n.sp. 27098_8_134
Streptococcus_32923,98.058,Streptococcus sanguinis 27098_8_181
Streptococcus_32923,98.058,Streptococcus n.sp. 27098_8_82
Streptococcus_32946,98.544,Streptococcus chosunense 27098_8_53
Streptococcus_32946,98.544,Streptococcus n.sp. 27098_8_86
Streptococcus_32946,95.631,Streptococcus constellatus 20925_1_21
Streptococcus_32946,98.544,Streptococcus n.sp. 27098_8_113
Streptococcus_32946,98.544,Streptococcus n.sp. 27098_8_73
Streptococcus_32946,98.058,Streptococcus gordonii 27098_8_101
Streptococcus_32946,98.058,Streptococcus n.sp. 27098_8_75
Streptococcus_32946,98.544,Streptococcus n.sp. 20925_1_44
Streptococcus_32946,98.544,Streptococcus n.sp. 27098_8_22
Streptococcus_32946,98.544,Streptococcus n.sp. 27098_8_69
Streptococcus_32946,98.544,Streptococcus n.sp. 27098_8_91
Streptococcus_32946,98.544,Streptococcus n.sp. 20925_1_69
Streptococcus_32946,98.544,Streptococcus n.sp. 27098_8_103
Streptococcus_32946,98.544,Streptococcus n.sp. 27098_8_109
Streptococcus_32946,98.544,Streptococcus n.sp. 27098_8_76
Streptococcus_32946,98.544,Streptococcus mitis 27098_8_87
Streptococcus_32946,98.058,Streptococcus n.sp. 27098_8_23
Streptococcus_32946,98.544,Streptococcus n.sp. 27098_8_51
Streptococcus_32946,98.544,Streptococcus n.sp. 27098_8_70
Streptococcus_32946,98.544,Streptococcus parasanguinis 20925_1_10
Streptococcus_32946,98.544,Streptococcus n.sp. 20925_1_77
Streptococcus_32946,98.544,Streptococcus n.sp. 27098_8_12
Streptococcus_32946,98.544,Streptococcus parasanguinis 20925_1_143
Streptococcus_32946,98.544,Streptococcus n.sp. 27098_8_148
Streptococcus_32946,98.544,Streptococcus parasanguinis 27098_8_150
Streptococcus_32946,98.544,Streptococcus n.sp. 27098_8_177
Streptococcus_32946,98.544,Streptococcus n.sp. 27098_8_186
Streptococcus_32946,98.544,Streptococcus parasanguinis 27098_8_46
Streptococcus_32946,98.544,Streptococcus parasanguinis 27098_8_54
Streptococcus_32946,98.544,Streptococcus n.sp. 27098_8_66
Streptococcus_32946,98.544,Streptococcus n.sp. 27098_8_98
Streptococcus_32946,98.544,Streptococcus n.sp. 27098_8_99
Streptococcus_32946,95.146,Streptococcus anginosus 27098_8_173
Streptococcus_32946,98.544,Streptococcus pseudopneumoniae 20925_1_26
Streptococcus_32946,95.631,Streptococcus salivarius 20925_1_11
Streptococcus_32946,95.631,Streptococcus salivarius 20925_1_13
Streptococcus_32946,95.631,Streptococcus salivarius 27098_8_110
Streptococcus_32946,95.631,Streptococcus salivarius 27098_8_117
Streptococcus_32946,95.631,Streptococcus salivarius 27098_8_119
Streptococcus_32946,95.631,Streptococcus salivarius 27098_8_152
Streptococcus_32946,95.631,Streptococcus salivarius 27098_8_153
Streptococcus_32946,95.631,Streptococcus n.sp. 27098_8_74
Streptococcus_32946,98.058,Streptococcus n.sp. 20925_1_22
Streptococcus_32946,98.058,Streptococcus n.sp. 27098_8_134
Streptococcus_32946,98.058,Streptococcus sanguinis 27098_8_181
Streptococcus_32946,98.058,Streptococcus n.sp. 27098_8_82
Streptococcus_32947,99.029,Streptococcus chosunense 27098_8_53
Streptococcus_32947,99.029,Streptococcus n.sp. 27098_8_86
Streptococcus_32947,96.117,Streptococcus constellatus 20925_1_21
Streptococcus_32947,99.029,Streptococcus n.sp. 27098_8_113
Streptococcus_32947,99.029,Streptococcus n.sp. 27098_8_73
Streptococcus_32947,98.544,Streptococcus gordonii 27098_8_101
Streptococcus_32947,98.544,Streptococcus n.sp. 27098_8_75
Streptococcus_32947,99.029,Streptococcus n.sp. 20925_1_44
Streptococcus_32947,99.029,Streptococcus n.sp. 27098_8_22
Streptococcus_32947,99.029,Streptococcus n.sp. 27098_8_69
Streptococcus_32947,99.029,Streptococcus n.sp. 27098_8_91
Streptococcus_32947,99.029,Streptococcus n.sp. 20925_1_69
Streptococcus_32947,99.029,Streptococcus n.sp. 27098_8_103
Streptococcus_32947,99.029,Streptococcus n.sp. 27098_8_109
Streptococcus_32947,99.029,Streptococcus n.sp. 27098_8_76
Streptococcus_32947,99.029,Streptococcus mitis 27098_8_87
Streptococcus_32947,98.544,Streptococcus n.sp. 27098_8_23
Streptococcus_32947,99.029,Streptococcus n.sp. 27098_8_51
Streptococcus_32947,99.029,Streptococcus n.sp. 27098_8_70
Streptococcus_32947,99.029,Streptococcus parasanguinis 20925_1_10
Streptococcus_32947,99.029,Streptococcus n.sp. 20925_1_77
Streptococcus_32947,99.029,Streptococcus n.sp. 27098_8_12
Streptococcus_32947,99.029,Streptococcus parasanguinis 20925_1_143
Streptococcus_32947,99.029,Streptococcus n.sp. 27098_8_148
Streptococcus_32947,99.029,Streptococcus parasanguinis 27098_8_150
Streptococcus_32947,99.029,Streptococcus n.sp. 27098_8_177
Streptococcus_32947,99.029,Streptococcus n.sp. 27098_8_186
Streptococcus_32947,99.029,Streptococcus parasanguinis 27098_8_46
Streptococcus_32947,99.029,Streptococcus parasanguinis 27098_8_54
Streptococcus_32947,99.029,Streptococcus n.sp. 27098_8_66
Streptococcus_32947,99.029,Streptococcus n.sp. 27098_8_98
Streptococcus_32947,99.029,Streptococcus n.sp. 27098_8_99
Streptococcus_32947,95.631,Streptococcus anginosus 27098_8_173
Streptococcus_32947,99.029,Streptococcus pseudopneumoniae 20925_1_26
Streptococcus_32947,96.117,Streptococcus salivarius 20925_1_11
Streptococcus_32947,96.117,Streptococcus salivarius 20925_1_13
Streptococcus_32947,96.117,Streptococcus salivarius 27098_8_110
Streptococcus_32947,96.117,Streptococcus salivarius 27098_8_117
Streptococcus_32947,96.117,Streptococcus salivarius 27098_8_119
Streptococcus_32947,96.117,Streptococcus salivarius 27098_8_152
Streptococcus_32947,96.117,Streptococcus salivarius 27098_8_153
Streptococcus_32947,96.117,Streptococcus n.sp. 27098_8_74
Streptococcus_32947,98.544,Streptococcus n.sp. 20925_1_22
Streptococcus_32947,98.544,Streptococcus n.sp. 27098_8_134
Streptococcus_32947,98.544,Streptococcus sanguinis 27098_8_181
Streptococcus_32947,98.544,Streptococcus n.sp. 27098_8_82
Streptococcus_33013,98.058,Streptococcus chosunense 27098_8_53
Streptococcus_33013,98.058,Streptococcus n.sp. 27098_8_86
Streptococcus_33013,97.087,Streptococcus constellatus 20925_1_21
Streptococcus_33013,98.058,Streptococcus n.sp. 27098_8_113
Streptococcus_33013,98.058,Streptococcus n.sp. 27098_8_73
Streptococcus_33013,98.544,Streptococcus gordonii 27098_8_101
Streptococcus_33013,98.544,Streptococcus n.sp. 27098_8_75
Streptococcus_33013,98.058,Streptococcus n.sp. 20925_1_44
Streptococcus_33013,98.058,Streptococcus n.sp. 27098_8_22
Streptococcus_33013,98.058,Streptococcus n.sp. 27098_8_69
Streptococcus_33013,98.058,Streptococcus n.sp. 27098_8_91
Streptococcus_33013,98.058,Streptococcus n.sp. 20925_1_69
Streptococcus_33013,98.058,Streptococcus n.sp. 27098_8_103
Streptococcus_33013,98.058,Streptococcus n.sp. 27098_8_109
Streptococcus_33013,98.058,Streptococcus n.sp. 27098_8_76
Streptococcus_33013,98.058,Streptococcus mitis 27098_8_87
Streptococcus_33013,97.573,Streptococcus n.sp. 27098_8_23
Streptococcus_33013,98.058,Streptococcus n.sp. 27098_8_51
Streptococcus_33013,98.058,Streptococcus n.sp. 27098_8_70
Streptococcus_33013,98.058,Streptococcus parasanguinis 20925_1_10
Streptococcus_33013,98.058,Streptococcus n.sp. 20925_1_77
Streptococcus_33013,98.058,Streptococcus n.sp. 27098_8_12
Streptococcus_33013,98.058,Streptococcus parasanguinis 20925_1_143
Streptococcus_33013,98.058,Streptococcus n.sp. 27098_8_148
Streptococcus_33013,98.058,Streptococcus parasanguinis 27098_8_150
Streptococcus_33013,98.058,Streptococcus n.sp. 27098_8_177
Streptococcus_33013,98.058,Streptococcus n.sp. 27098_8_186
Streptococcus_33013,98.058,Streptococcus parasanguinis 27098_8_46
Streptococcus_33013,98.058,Streptococcus parasanguinis 27098_8_54
Streptococcus_33013,98.058,Streptococcus n.sp. 27098_8_66
Streptococcus_33013,98.058,Streptococcus n.sp. 27098_8_98
Streptococcus_33013,98.058,Streptococcus n.sp. 27098_8_99
Streptococcus_33013,96.602,Streptococcus anginosus 27098_8_173
Streptococcus_33013,98.058,Streptococcus pseudopneumoniae 20925_1_26
Streptococcus_33013,96.117,Streptococcus salivarius 20925_1_11
Streptococcus_33013,96.117,Streptococcus salivarius 20925_1_13
Streptococcus_33013,96.117,Streptococcus salivarius 27098_8_110
Streptococcus_33013,96.117,Streptococcus salivarius 27098_8_117
Streptococcus_33013,96.117,Streptococcus salivarius 27098_8_119
Streptococcus_33013,96.117,Streptococcus salivarius 27098_8_152
Streptococcus_33013,96.117,Streptococcus salivarius 27098_8_153
Streptococcus_33013,96.117,Streptococcus n.sp. 27098_8_74
Streptococcus_33013,98.058,Streptococcus n.sp. 20925_1_22
Streptococcus_33013,98.058,Streptococcus n.sp. 27098_8_134
Streptococcus_33013,98.058,Streptococcus sanguinis 27098_8_181
Streptococcus_33013,98.058,Streptococcus n.sp. 27098_8_82
Streptococcus_33017,96.117,Streptococcus chosunense 27098_8_53
Streptococcus_33017,96.117,Streptococcus n.sp. 27098_8_86
Streptococcus_33017,96.117,Streptococcus n.sp. 27098_8_113
Streptococcus_33017,96.117,Streptococcus n.sp. 27098_8_73
Streptococcus_33017,96.602,Streptococcus gordonii 27098_8_101
Streptococcus_33017,96.602,Streptococcus n.sp. 27098_8_75
Streptococcus_33017,96.117,Streptococcus n.sp. 20925_1_44
Streptococcus_33017,96.117,Streptococcus n.sp. 27098_8_22
Streptococcus_33017,96.117,Streptococcus n.sp. 27098_8_69
Streptococcus_33017,96.117,Streptococcus n.sp. 27098_8_91
Streptococcus_33017,96.117,Streptococcus n.sp. 20925_1_69
Streptococcus_33017,96.117,Streptococcus n.sp. 27098_8_103
Streptococcus_33017,96.117,Streptococcus n.sp. 27098_8_109
Streptococcus_33017,96.117,Streptococcus n.sp. 27098_8_76
Streptococcus_33017,96.117,Streptococcus mitis 27098_8_87
Streptococcus_33017,95.631,Streptococcus n.sp. 27098_8_23
Streptococcus_33017,96.117,Streptococcus n.sp. 27098_8_51
Streptococcus_33017,96.117,Streptococcus n.sp. 27098_8_70
Streptococcus_33017,96.117,Streptococcus parasanguinis 20925_1_10
Streptococcus_33017,96.117,Streptococcus n.sp. 20925_1_77
Streptococcus_33017,96.117,Streptococcus n.sp. 27098_8_12
Streptococcus_33017,96.117,Streptococcus parasanguinis 20925_1_143
Streptococcus_33017,96.117,Streptococcus n.sp. 27098_8_148
Streptococcus_33017,96.117,Streptococcus parasanguinis 27098_8_150
Streptococcus_33017,96.117,Streptococcus n.sp. 27098_8_177
Streptococcus_33017,96.117,Streptococcus n.sp. 27098_8_186
Streptococcus_33017,96.117,Streptococcus parasanguinis 27098_8_46
Streptococcus_33017,96.117,Streptococcus parasanguinis 27098_8_54
Streptococcus_33017,96.117,Streptococcus n.sp. 27098_8_66
Streptococcus_33017,96.117,Streptococcus n.sp. 27098_8_98
Streptococcus_33017,96.117,Streptococcus n.sp. 27098_8_99
Streptococcus_33017,96.117,Streptococcus pseudopneumoniae 20925_1_26
Streptococcus_33017,95.631,Streptococcus n.sp. 20925_1_22
Streptococcus_33017,95.631,Streptococcus n.sp. 27098_8_134
Streptococcus_33017,95.631,Streptococcus sanguinis 27098_8_181
Streptococcus_33017,95.631,Streptococcus n.sp. 27098_8_82
Streptococcus_33049,98.544,Streptococcus chosunense 27098_8_53
Streptococcus_33049,98.544,Streptococcus n.sp. 27098_8_86
Streptococcus_33049,95.146,Streptococcus constellatus 20925_1_21
Streptococcus_33049,98.058,Streptococcus n.sp. 27098_8_113
Streptococcus_33049,98.058,Streptococcus n.sp. 27098_8_73
Streptococcus_33049,97.573,Streptococcus gordonii 27098_8_101
Streptococcus_33049,97.573,Streptococcus n.sp. 27098_8_75
Streptococcus_33049,98.544,Streptococcus n.sp. 20925_1_44
Streptococcus_33049,98.544,Streptococcus n.sp. 27098_8_22
Streptococcus_33049,98.544,Streptococcus n.sp. 27098_8_69
Streptococcus_33049,98.544,Streptococcus n.sp. 27098_8_91
Streptococcus_33049,98.544,Streptococcus n.sp. 20925_1_69
Streptococcus_33049,98.544,Streptococcus n.sp. 27098_8_103
Streptococcus_33049,98.544,Streptococcus n.sp. 27098_8_109
Streptococcus_33049,98.544,Streptococcus n.sp. 27098_8_76
Streptococcus_33049,98.544,Streptococcus mitis 27098_8_87
Streptococcus_33049,98.058,Streptococcus n.sp. 27098_8_23
Streptococcus_33049,98.544,Streptococcus n.sp. 27098_8_51
Streptococcus_33049,98.544,Streptococcus n.sp. 27098_8_70
Streptococcus_33049,98.058,Streptococcus parasanguinis 20925_1_10
Streptococcus_33049,98.058,Streptococcus n.sp. 20925_1_77
Streptococcus_33049,98.058,Streptococcus n.sp. 27098_8_12
Streptococcus_33049,98.058,Streptococcus parasanguinis 20925_1_143
Streptococcus_33049,98.058,Streptococcus n.sp. 27098_8_148
Streptococcus_33049,98.058,Streptococcus parasanguinis 27098_8_150
Streptococcus_33049,98.058,Streptococcus n.sp. 27098_8_177
Streptococcus_33049,98.058,Streptococcus n.sp. 27098_8_186
Streptococcus_33049,98.058,Streptococcus parasanguinis 27098_8_46
Streptococcus_33049,98.058,Streptococcus parasanguinis 27098_8_54
Streptococcus_33049,98.058,Streptococcus n.sp. 27098_8_66
Streptococcus_33049,98.058,Streptococcus n.sp. 27098_8_98
Streptococcus_33049,98.058,Streptococcus n.sp. 27098_8_99
Streptococcus_33049,98.544,Streptococcus pseudopneumoniae 20925_1_26
Streptococcus_33049,96.117,Streptococcus salivarius 20925_1_11
Streptococcus_33049,96.117,Streptococcus salivarius 20925_1_13
Streptococcus_33049,96.117,Streptococcus salivarius 27098_8_110
Streptococcus_33049,96.117,Streptococcus salivarius 27098_8_117
Streptococcus_33049,96.117,Streptococcus salivarius 27098_8_119
Streptococcus_33049,96.117,Streptococcus salivarius 27098_8_152
Streptococcus_33049,96.117,Streptococcus salivarius 27098_8_153
Streptococcus_33049,96.117,Streptococcus n.sp. 27098_8_74
Streptococcus_33049,97.573,Streptococcus n.sp. 20925_1_22
Streptococcus_33049,97.573,Streptococcus n.sp. 27098_8_134
Streptococcus_33049,97.573,Streptococcus sanguinis 27098_8_181
Streptococcus_33049,97.573,Streptococcus n.sp. 27098_8_82
Streptococcus_33065,95.146,Streptococcus chosunense 27098_8_53
Streptococcus_33065,95.146,Streptococcus n.sp. 27098_8_86
Streptococcus_33065,98.058,Streptococcus constellatus 20925_1_21
Streptococcus_33065,97.087,Streptococcus n.sp. 27098_8_113
Streptococcus_33065,97.087,Streptococcus n.sp. 27098_8_73
Streptococcus_33065,97.573,Streptococcus gordonii 27098_8_101
Streptococcus_33065,97.573,Streptococcus n.sp. 27098_8_75
Streptococcus_33065,95.146,Streptococcus n.sp. 20925_1_44
Streptococcus_33065,95.146,Streptococcus n.sp. 27098_8_22
Streptococcus_33065,95.146,Streptococcus n.sp. 27098_8_69
Streptococcus_33065,95.146,Streptococcus n.sp. 27098_8_91
Streptococcus_33065,95.146,Streptococcus n.sp. 20925_1_69
Streptococcus_33065,95.146,Streptococcus n.sp. 27098_8_103
Streptococcus_33065,95.146,Streptococcus n.sp. 27098_8_109
Streptococcus_33065,95.146,Streptococcus n.sp. 27098_8_76
Streptococcus_33065,95.146,Streptococcus mitis 27098_8_87
Streptococcus_33065,95.146,Streptococcus n.sp. 27098_8_51
Streptococcus_33065,95.146,Streptococcus n.sp. 27098_8_70
Streptococcus_33065,97.087,Streptococcus parasanguinis 20925_1_10
Streptococcus_33065,97.087,Streptococcus n.sp. 20925_1_77
Streptococcus_33065,97.087,Streptococcus n.sp. 27098_8_12
Streptococcus_33065,97.087,Streptococcus parasanguinis 20925_1_143
Streptococcus_33065,97.087,Streptococcus n.sp. 27098_8_148
Streptococcus_33065,97.087,Streptococcus parasanguinis 27098_8_150
Streptococcus_33065,97.087,Streptococcus n.sp. 27098_8_177
Streptococcus_33065,97.087,Streptococcus n.sp. 27098_8_186
Streptococcus_33065,97.087,Streptococcus parasanguinis 27098_8_46
Streptococcus_33065,97.087,Streptococcus parasanguinis 27098_8_54
Streptococcus_33065,97.087,Streptococcus n.sp. 27098_8_66
Streptococcus_33065,97.087,Streptococcus n.sp. 27098_8_98
Streptococcus_33065,97.087,Streptococcus n.sp. 27098_8_99
Streptococcus_33065,97.573,Streptococcus anginosus 27098_8_173
Streptococcus_33065,95.146,Streptococcus pseudopneumoniae 20925_1_26
Streptococcus_33065,98.058,Streptococcus salivarius 20925_1_11
Streptococcus_33065,98.058,Streptococcus salivarius 20925_1_13
Streptococcus_33065,98.058,Streptococcus salivarius 27098_8_110
Streptococcus_33065,98.058,Streptococcus salivarius 27098_8_117
Streptococcus_33065,98.058,Streptococcus salivarius 27098_8_119
Streptococcus_33065,98.058,Streptococcus salivarius 27098_8_152
Streptococcus_33065,98.058,Streptococcus salivarius 27098_8_153
Streptococcus_33065,98.058,Streptococcus n.sp. 27098_8_74
Streptococcus_33065,96.602,Streptococcus n.sp. 20925_1_22
Streptococcus_33065,96.602,Streptococcus n.sp. 27098_8_134
Streptococcus_33065,96.602,Streptococcus sanguinis 27098_8_181
Streptococcus_33065,96.602,Streptococcus n.sp. 27098_8_82
Streptococcus_33079,,no_isolate
Streptococcus_33083,95.146,Streptococcus salivarius 20925_1_11
Streptococcus_33083,95.146,Streptococcus salivarius 20925_1_13
Streptococcus_33083,95.146,Streptococcus salivarius 27098_8_110
Streptococcus_33083,95.146,Streptococcus salivarius 27098_8_117
Streptococcus_33083,95.146,Streptococcus salivarius 27098_8_119
Streptococcus_33083,95.146,Streptococcus salivarius 27098_8_152
Streptococcus_33083,95.146,Streptococcus salivarius 27098_8_153
Streptococcus_33083,95.146,Streptococcus n.sp. 27098_8_74
Streptococcus_33086,95.146,Streptococcus gordonii 27098_8_101
Streptococcus_33086,95.146,Streptococcus n.sp. 27098_8_75
Streptococcus_33089,,no_isolate
Streptococcus_33094,,no_isolate
Streptococcus_33098,,no_isolate
Streptococcus_33099,,no_isolate
Streptococcus_33122,96.117,Streptococcus chosunense 27098_8_53
Streptococcus_33122,96.117,Streptococcus n.sp. 27098_8_86
Streptococcus_33122,96.117,Streptococcus n.sp. 27098_8_113
Streptococcus_33122,96.117,Streptococcus n.sp. 27098_8_73
Streptococcus_33122,96.602,Streptococcus gordonii 27098_8_101
Streptococcus_33122,96.602,Streptococcus n.sp. 27098_8_75
Streptococcus_33122,96.117,Streptococcus n.sp. 20925_1_44
Streptococcus_33122,96.117,Streptococcus n.sp. 27098_8_22
Streptococcus_33122,96.117,Streptococcus n.sp. 27098_8_69
Streptococcus_33122,96.117,Streptococcus n.sp. 27098_8_91
Streptococcus_33122,96.117,Streptococcus n.sp. 20925_1_69
Streptococcus_33122,96.117,Streptococcus n.sp. 27098_8_103
Streptococcus_33122,96.117,Streptococcus n.sp. 27098_8_109
Streptococcus_33122,96.117,Streptococcus n.sp. 27098_8_76
Streptococcus_33122,96.117,Streptococcus mitis 27098_8_87
Streptococcus_33122,95.631,Streptococcus n.sp. 27098_8_23
Streptococcus_33122,96.117,Streptococcus n.sp. 27098_8_51
Streptococcus_33122,96.117,Streptococcus n.sp. 27098_8_70
Streptococcus_33122,96.117,Streptococcus parasanguinis 20925_1_10
Streptococcus_33122,96.117,Streptococcus n.sp. 20925_1_77
Streptococcus_33122,96.117,Streptococcus n.sp. 27098_8_12
Streptococcus_33122,96.117,Streptococcus parasanguinis 20925_1_143
Streptococcus_33122,96.117,Streptococcus n.sp. 27098_8_148
Streptococcus_33122,96.117,Streptococcus parasanguinis 27098_8_150
Streptococcus_33122,96.117,Streptococcus n.sp. 27098_8_177
Streptococcus_33122,96.117,Streptococcus n.sp. 27098_8_186
Streptococcus_33122,96.117,Streptococcus parasanguinis 27098_8_46
Streptococcus_33122,96.117,Streptococcus parasanguinis 27098_8_54
Streptococcus_33122,96.117,Streptococcus n.sp. 27098_8_66
Streptococcus_33122,96.117,Streptococcus n.sp. 27098_8_98
Streptococcus_33122,96.117,Streptococcus n.sp. 27098_8_99
Streptococcus_33122,96.117,Streptococcus pseudopneumoniae 20925_1_26
Streptococcus_33122,95.631,Streptococcus n.sp. 20925_1_22
Streptococcus_33122,95.631,Streptococcus n.sp. 27098_8_134
Streptococcus_33122,95.631,Streptococcus sanguinis 27098_8_181
Streptococcus_33122,95.631,Streptococcus n.sp. 27098_8_82
Streptococcus_33400,98.544,Streptococcus chosunense 27098_8_53
Streptococcus_33400,98.544,Streptococcus n.sp. 27098_8_86
Streptococcus_33400,96.602,Streptococcus n.sp. 27098_8_113
Streptococcus_33400,96.602,Streptococcus n.sp. 27098_8_73
Streptococcus_33400,97.087,Streptococcus gordonii 27098_8_101
Streptococcus_33400,97.087,Streptococcus n.sp. 27098_8_75
Streptococcus_33400,98.544,Streptococcus n.sp. 20925_1_44
Streptococcus_33400,98.544,Streptococcus n.sp. 27098_8_22
Streptococcus_33400,98.544,Streptococcus n.sp. 27098_8_69
Streptococcus_33400,98.544,Streptococcus n.sp. 27098_8_91
Streptococcus_33400,98.544,Streptococcus n.sp. 20925_1_69
Streptococcus_33400,98.544,Streptococcus n.sp. 27098_8_103
Streptococcus_33400,98.544,Streptococcus n.sp. 27098_8_109
Streptococcus_33400,98.544,Streptococcus n.sp. 27098_8_76
Streptococcus_33400,98.544,Streptococcus mitis 27098_8_87
Streptococcus_33400,98.058,Streptococcus n.sp. 27098_8_23
Streptococcus_33400,98.544,Streptococcus n.sp. 27098_8_51
Streptococcus_33400,98.544,Streptococcus n.sp. 27098_8_70
Streptococcus_33400,96.602,Streptococcus parasanguinis 20925_1_10
Streptococcus_33400,96.602,Streptococcus n.sp. 20925_1_77
Streptococcus_33400,96.602,Streptococcus n.sp. 27098_8_12
Streptococcus_33400,96.602,Streptococcus parasanguinis 20925_1_143
Streptococcus_33400,96.602,Streptococcus n.sp. 27098_8_148
Streptococcus_33400,96.602,Streptococcus parasanguinis 27098_8_150
Streptococcus_33400,96.602,Streptococcus n.sp. 27098_8_177
Streptococcus_33400,96.602,Streptococcus n.sp. 27098_8_186
Streptococcus_33400,96.602,Streptococcus parasanguinis 27098_8_46
Streptococcus_33400,96.602,Streptococcus parasanguinis 27098_8_54
Streptococcus_33400,96.602,Streptococcus n.sp. 27098_8_66
Streptococcus_33400,96.602,Streptococcus n.sp. 27098_8_98
Streptococcus_33400,96.602,Streptococcus n.sp. 27098_8_99
Streptococcus_33400,98.544,Streptococcus pseudopneumoniae 20925_1_26
Streptococcus_33400,96.117,Streptococcus n.sp. 20925_1_22
Streptococcus_33400,96.117,Streptococcus n.sp. 27098_8_134
Streptococcus_33400,96.117,Streptococcus sanguinis 27098_8_181
Streptococcus_33400,96.117,Streptococcus n.sp. 27098_8_82
Streptococcus_33603,99.029,Streptococcus chosunense 27098_8_53
Streptococcus_33603,99.029,Streptococcus n.sp. 27098_8_86
Streptococcus_33603,97.087,Streptococcus n.sp. 27098_8_113
Streptococcus_33603,97.087,Streptococcus n.sp. 27098_8_73
Streptococcus_33603,96.602,Streptococcus gordonii 27098_8_101
Streptococcus_33603,96.602,Streptococcus n.sp. 27098_8_75
Streptococcus_33603,99.029,Streptococcus n.sp. 20925_1_44
Streptococcus_33603,99.029,Streptococcus n.sp. 27098_8_22
Streptococcus_33603,99.029,Streptococcus n.sp. 27098_8_69
Streptococcus_33603,99.029,Streptococcus n.sp. 27098_8_91
Streptococcus_33603,99.029,Streptococcus n.sp. 20925_1_69
Streptococcus_33603,99.029,Streptococcus n.sp. 27098_8_103
Streptococcus_33603,99.029,Streptococcus n.sp. 27098_8_109
Streptococcus_33603,99.029,Streptococcus n.sp. 27098_8_76
Streptococcus_33603,99.029,Streptococcus mitis 27098_8_87
Streptococcus_33603,98.544,Streptococcus n.sp. 27098_8_23
Streptococcus_33603,99.029,Streptococcus n.sp. 27098_8_51
Streptococcus_33603,99.029,Streptococcus n.sp. 27098_8_70
Streptococcus_33603,97.087,Streptococcus parasanguinis 20925_1_10
Streptococcus_33603,97.087,Streptococcus n.sp. 20925_1_77
Streptococcus_33603,97.087,Streptococcus n.sp. 27098_8_12
Streptococcus_33603,97.087,Streptococcus parasanguinis 20925_1_143
Streptococcus_33603,97.087,Streptococcus n.sp. 27098_8_148
Streptococcus_33603,97.087,Streptococcus parasanguinis 27098_8_150
Streptococcus_33603,97.087,Streptococcus n.sp. 27098_8_177
Streptococcus_33603,97.087,Streptococcus n.sp. 27098_8_186
Streptococcus_33603,97.087,Streptococcus parasanguinis 27098_8_46
Streptococcus_33603,97.087,Streptococcus parasanguinis 27098_8_54
Streptococcus_33603,97.087,Streptococcus n.sp. 27098_8_66
Streptococcus_33603,97.087,Streptococcus n.sp. 27098_8_98
Streptococcus_33603,97.087,Streptococcus n.sp. 27098_8_99
Streptococcus_33603,99.029,Streptococcus pseudopneumoniae 20925_1_26
Streptococcus_33603,96.602,Streptococcus n.sp. 20925_1_22
Streptococcus_33603,96.602,Streptococcus n.sp. 27098_8_134
Streptococcus_33603,96.602,Streptococcus sanguinis 27098_8_181
Streptococcus_33603,96.602,Streptococcus n.sp. 27098_8_82
Streptococcus_33776,95.631,Streptococcus chosunense 27098_8_53
Streptococcus_33776,95.631,Streptococcus n.sp. 27098_8_86
Streptococcus_33776,96.117,Streptococcus n.sp. 27098_8_113
Streptococcus_33776,96.117,Streptococcus n.sp. 27098_8_73
Streptococcus_33776,96.602,Streptococcus gordonii 27098_8_101
Streptococcus_33776,96.602,Streptococcus n.sp. 27098_8_75
Streptococcus_33776,95.631,Streptococcus n.sp. 20925_1_44
Streptococcus_33776,95.631,Streptococcus n.sp. 27098_8_22
Streptococcus_33776,95.631,Streptococcus n.sp. 27098_8_69
Streptococcus_33776,95.631,Streptococcus n.sp. 27098_8_91
Streptococcus_33776,95.631,Streptococcus n.sp. 20925_1_69
Streptococcus_33776,95.631,Streptococcus n.sp. 27098_8_103
Streptococcus_33776,95.631,Streptococcus n.sp. 27098_8_109
Streptococcus_33776,95.631,Streptococcus n.sp. 27098_8_76
Streptococcus_33776,95.631,Streptococcus mitis 27098_8_87
Streptococcus_33776,95.146,Streptococcus n.sp. 27098_8_23
Streptococcus_33776,95.631,Streptococcus n.sp. 27098_8_51
Streptococcus_33776,95.631,Streptococcus n.sp. 27098_8_70
Streptococcus_33776,96.117,Streptococcus parasanguinis 20925_1_10
Streptococcus_33776,96.117,Streptococcus n.sp. 20925_1_77
Streptococcus_33776,96.117,Streptococcus n.sp. 27098_8_12
Streptococcus_33776,96.117,Streptococcus parasanguinis 20925_1_143
Streptococcus_33776,96.117,Streptococcus n.sp. 27098_8_148
Streptococcus_33776,96.117,Streptococcus parasanguinis 27098_8_150
Streptococcus_33776,96.117,Streptococcus n.sp. 27098_8_177
Streptococcus_33776,96.117,Streptococcus n.sp. 27098_8_186
Streptococcus_33776,96.117,Streptococcus parasanguinis 27098_8_46
Streptococcus_33776,96.117,Streptococcus parasanguinis 27098_8_54
Streptococcus_33776,96.117,Streptococcus n.sp. 27098_8_66
Streptococcus_33776,96.117,Streptococcus n.sp. 27098_8_98
Streptococcus_33776,96.117,Streptococcus n.sp. 27098_8_99
Streptococcus_33776,95.631,Streptococcus pseudopneumoniae 20925_1_26
Streptococcus_33776,96.117,Streptococcus salivarius 20925_1_11
Streptococcus_33776,96.117,Streptococcus salivarius 20925_1_13
Streptococcus_33776,96.117,Streptococcus salivarius 27098_8_110
Streptococcus_33776,96.117,Streptococcus salivarius 27098_8_117
Streptococcus_33776,96.117,Streptococcus salivarius 27098_8_119
Streptococcus_33776,96.117,Streptococcus salivarius 27098_8_152
Streptococcus_33776,96.117,Streptococcus salivarius 27098_8_153
Streptococcus_33776,96.117,Streptococcus n.sp. 27098_8_74
Streptococcus_33776,95.631,Streptococcus n.sp. 20925_1_22
Streptococcus_33776,95.631,Streptococcus n.sp. 27098_8_134
Streptococcus_33776,95.631,Streptococcus sanguinis 27098_8_181
Streptococcus_33776,95.631,Streptococcus n.sp. 27098_8_82
Streptococcus_33853,99.029,Streptococcus chosunense 27098_8_53
Streptococcus_33853,99.029,Streptococcus n.sp. 27098_8_86
Streptococcus_33853,97.087,Streptococcus n.sp. 27098_8_113
Streptococcus_33853,97.087,Streptococcus n.sp. 27098_8_73
Streptococcus_33853,96.602,Streptococcus gordonii 27098_8_101
Streptococcus_33853,96.602,Streptococcus n.sp. 27098_8_75
Streptococcus_33853,99.029,Streptococcus n.sp. 20925_1_44
Streptococcus_33853,99.029,Streptococcus n.sp. 27098_8_22
Streptococcus_33853,99.029,Streptococcus n.sp. 27098_8_69
Streptococcus_33853,99.029,Streptococcus n.sp. 27098_8_91
Streptococcus_33853,99.029,Streptococcus n.sp. 20925_1_69
Streptococcus_33853,99.029,Streptococcus n.sp. 27098_8_103
Streptococcus_33853,99.029,Streptococcus n.sp. 27098_8_109
Streptococcus_33853,99.029,Streptococcus n.sp. 27098_8_76
Streptococcus_33853,99.029,Streptococcus mitis 27098_8_87
Streptococcus_33853,98.544,Streptococcus n.sp. 27098_8_23
Streptococcus_33853,99.029,Streptococcus n.sp. 27098_8_51
Streptococcus_33853,99.029,Streptococcus n.sp. 27098_8_70
Streptococcus_33853,97.087,Streptococcus parasanguinis 20925_1_10
Streptococcus_33853,97.087,Streptococcus n.sp. 20925_1_77
Streptococcus_33853,97.087,Streptococcus n.sp. 27098_8_12
Streptococcus_33853,97.087,Streptococcus parasanguinis 20925_1_143
Streptococcus_33853,97.087,Streptococcus n.sp. 27098_8_148
Streptococcus_33853,97.087,Streptococcus parasanguinis 27098_8_150
Streptococcus_33853,97.087,Streptococcus n.sp. 27098_8_177
Streptococcus_33853,97.087,Streptococcus n.sp. 27098_8_186
Streptococcus_33853,97.087,Streptococcus parasanguinis 27098_8_46
Streptococcus_33853,97.087,Streptococcus parasanguinis 27098_8_54
Streptococcus_33853,97.087,Streptococcus n.sp. 27098_8_66
Streptococcus_33853,97.087,Streptococcus n.sp. 27098_8_98
Streptococcus_33853,97.087,Streptococcus n.sp. 27098_8_99
Streptococcus_33853,99.029,Streptococcus pseudopneumoniae 20925_1_26
Streptococcus_33853,95.146,Streptococcus salivarius 20925_1_11
Streptococcus_33853,95.146,Streptococcus salivarius 20925_1_13
Streptococcus_33853,95.146,Streptococcus salivarius 27098_8_110
Streptococcus_33853,95.146,Streptococcus salivarius 27098_8_117
Streptococcus_33853,95.146,Streptococcus salivarius 27098_8_119
Streptococcus_33853,95.146,Streptococcus salivarius 27098_8_152
Streptococcus_33853,95.146,Streptococcus salivarius 27098_8_153
Streptococcus_33853,95.146,Streptococcus n.sp. 27098_8_74
Streptococcus_33853,96.602,Streptococcus n.sp. 20925_1_22
Streptococcus_33853,96.602,Streptococcus n.sp. 27098_8_134
Streptococcus_33853,96.602,Streptococcus sanguinis 27098_8_181
Streptococcus_33853,96.602,Streptococcus n.sp. 27098_8_82
Streptococcus_33856,99.515,Streptococcus chosunense 27098_8_53
Streptococcus_33856,99.515,Streptococcus n.sp. 27098_8_86
Streptococcus_33856,97.573,Streptococcus n.sp. 27098_8_113
Streptococcus_33856,97.573,Streptococcus n.sp. 27098_8_73
Streptococcus_33856,97.087,Streptococcus gordonii 27098_8_101
Streptococcus_33856,97.087,Streptococcus n.sp. 27098_8_75
Streptococcus_33856,99.515,Streptococcus n.sp. 20925_1_44
Streptococcus_33856,99.515,Streptococcus n.sp. 27098_8_22
Streptococcus_33856,99.515,Streptococcus n.sp. 27098_8_69
Streptococcus_33856,99.515,Streptococcus n.sp. 27098_8_91
Streptococcus_33856,99.515,Streptococcus n.sp. 20925_1_69
Streptococcus_33856,99.515,Streptococcus n.sp. 27098_8_103
Streptococcus_33856,99.515,Streptococcus n.sp. 27098_8_109
Streptococcus_33856,99.515,Streptococcus n.sp. 27098_8_76
Streptococcus_33856,99.515,Streptococcus mitis 27098_8_87
Streptococcus_33856,99.029,Streptococcus n.sp. 27098_8_23
Streptococcus_33856,99.515,Streptococcus n.sp. 27098_8_51
Streptococcus_33856,99.515,Streptococcus n.sp. 27098_8_70
Streptococcus_33856,97.573,Streptococcus parasanguinis 20925_1_10
Streptococcus_33856,97.573,Streptococcus n.sp. 20925_1_77
Streptococcus_33856,97.573,Streptococcus n.sp. 27098_8_12
Streptococcus_33856,97.573,Streptococcus parasanguinis 20925_1_143
Streptococcus_33856,97.573,Streptococcus n.sp. 27098_8_148
Streptococcus_33856,97.573,Streptococcus parasanguinis 27098_8_150
Streptococcus_33856,97.573,Streptococcus n.sp. 27098_8_177
Streptococcus_33856,97.573,Streptococcus n.sp. 27098_8_186
Streptococcus_33856,97.573,Streptococcus parasanguinis 27098_8_46
Streptococcus_33856,97.573,Streptococcus parasanguinis 27098_8_54
Streptococcus_33856,97.573,Streptococcus n.sp. 27098_8_66
Streptococcus_33856,97.573,Streptococcus n.sp. 27098_8_98
Streptococcus_33856,97.573,Streptococcus n.sp. 27098_8_99
Streptococcus_33856,99.515,Streptococcus pseudopneumoniae 20925_1_26
Streptococcus_33856,95.631,Streptococcus salivarius 20925_1_11
Streptococcus_33856,95.631,Streptococcus salivarius 20925_1_13
Streptococcus_33856,95.631,Streptococcus salivarius 27098_8_110
Streptococcus_33856,95.631,Streptococcus salivarius 27098_8_117
Streptococcus_33856,95.631,Streptococcus salivarius 27098_8_119
Streptococcus_33856,95.631,Streptococcus salivarius 27098_8_152
Streptococcus_33856,95.631,Streptococcus salivarius 27098_8_153
Streptococcus_33856,95.631,Streptococcus n.sp. 27098_8_74
Streptococcus_33856,97.087,Streptococcus n.sp. 20925_1_22
Streptococcus_33856,97.087,Streptococcus n.sp. 27098_8_134
Streptococcus_33856,97.087,Streptococcus sanguinis 27098_8_181
Streptococcus_33856,97.087,Streptococcus n.sp. 27098_8_82
Streptococcus_33877,98.544,Streptococcus chosunense 27098_8_53
Streptococcus_33877,98.544,Streptococcus n.sp. 27098_8_86
Streptococcus_33877,96.602,Streptococcus n.sp. 27098_8_113
Streptococcus_33877,96.602,Streptococcus n.sp. 27098_8_73
Streptococcus_33877,96.117,Streptococcus gordonii 27098_8_101
Streptococcus_33877,96.117,Streptococcus n.sp. 27098_8_75
Streptococcus_33877,98.544,Streptococcus n.sp. 20925_1_44
Streptococcus_33877,98.544,Streptococcus n.sp. 27098_8_22
Streptococcus_33877,98.544,Streptococcus n.sp. 27098_8_69
Streptococcus_33877,98.544,Streptococcus n.sp. 27098_8_91
Streptococcus_33877,98.544,Streptococcus n.sp. 20925_1_69
Streptococcus_33877,98.544,Streptococcus n.sp. 27098_8_103
Streptococcus_33877,98.544,Streptococcus n.sp. 27098_8_109
Streptococcus_33877,98.544,Streptococcus n.sp. 27098_8_76
Streptococcus_33877,98.544,Streptococcus mitis 27098_8_87
Streptococcus_33877,98.058,Streptococcus n.sp. 27098_8_23
Streptococcus_33877,98.544,Streptococcus n.sp. 27098_8_51
Streptococcus_33877,98.544,Streptococcus n.sp. 27098_8_70
Streptococcus_33877,96.602,Streptococcus parasanguinis 20925_1_10
Streptococcus_33877,96.602,Streptococcus n.sp. 20925_1_77
Streptococcus_33877,96.602,Streptococcus n.sp. 27098_8_12
Streptococcus_33877,96.602,Streptococcus parasanguinis 20925_1_143
Streptococcus_33877,96.602,Streptococcus n.sp. 27098_8_148
Streptococcus_33877,96.602,Streptococcus parasanguinis 27098_8_150
Streptococcus_33877,96.602,Streptococcus n.sp. 27098_8_177
Streptococcus_33877,96.602,Streptococcus n.sp. 27098_8_186
Streptococcus_33877,96.602,Streptococcus parasanguinis 27098_8_46
Streptococcus_33877,96.602,Streptococcus parasanguinis 27098_8_54
Streptococcus_33877,96.602,Streptococcus n.sp. 27098_8_66
Streptococcus_33877,96.602,Streptococcus n.sp. 27098_8_98
Streptococcus_33877,96.602,Streptococcus n.sp. 27098_8_99
Streptococcus_33877,98.544,Streptococcus pseudopneumoniae 20925_1_26
Streptococcus_33877,96.117,Streptococcus n.sp. 20925_1_22
Streptococcus_33877,96.117,Streptococcus n.sp. 27098_8_134
Streptococcus_33877,96.117,Streptococcus sanguinis 27098_8_181
Streptococcus_33877,96.117,Streptococcus n.sp. 27098_8_82
Streptococcus_34007,99.029,Streptococcus chosunense 27098_8_53
Streptococcus_34007,99.029,Streptococcus n.sp. 27098_8_86
Streptococcus_34007,95.146,Streptococcus constellatus 20925_1_21
Streptococcus_34007,97.087,Streptococcus n.sp. 27098_8_113
Streptococcus_34007,97.087,Streptococcus n.sp. 27098_8_73
Streptococcus_34007,96.602,Streptococcus gordonii 27098_8_101
Streptococcus_34007,96.602,Streptococcus n.sp. 27098_8_75
Streptococcus_34007,99.029,Streptococcus n.sp. 20925_1_44
Streptococcus_34007,99.029,Streptococcus n.sp. 27098_8_22
Streptococcus_34007,99.029,Streptococcus n.sp. 27098_8_69
Streptococcus_34007,99.029,Streptococcus n.sp. 27098_8_91
Streptococcus_34007,99.029,Streptococcus n.sp. 20925_1_69
Streptococcus_34007,99.029,Streptococcus n.sp. 27098_8_103
Streptococcus_34007,99.029,Streptococcus n.sp. 27098_8_109
Streptococcus_34007,99.029,Streptococcus n.sp. 27098_8_76
Streptococcus_34007,99.029,Streptococcus mitis 27098_8_87
Streptococcus_34007,98.544,Streptococcus n.sp. 27098_8_23
Streptococcus_34007,99.029,Streptococcus n.sp. 27098_8_51
Streptococcus_34007,99.029,Streptococcus n.sp. 27098_8_70
Streptococcus_34007,97.087,Streptococcus parasanguinis 20925_1_10
Streptococcus_34007,97.087,Streptococcus n.sp. 20925_1_77
Streptococcus_34007,97.087,Streptococcus n.sp. 27098_8_12
Streptococcus_34007,97.087,Streptococcus parasanguinis 20925_1_143
Streptococcus_34007,97.087,Streptococcus n.sp. 27098_8_148
Streptococcus_34007,97.087,Streptococcus parasanguinis 27098_8_150
Streptococcus_34007,97.087,Streptococcus n.sp. 27098_8_177
Streptococcus_34007,97.087,Streptococcus n.sp. 27098_8_186
Streptococcus_34007,97.087,Streptococcus parasanguinis 27098_8_46
Streptococcus_34007,97.087,Streptococcus parasanguinis 27098_8_54
Streptococcus_34007,97.087,Streptococcus n.sp. 27098_8_66
Streptococcus_34007,97.087,Streptococcus n.sp. 27098_8_98
Streptococcus_34007,97.087,Streptococcus n.sp. 27098_8_99
Streptococcus_34007,99.029,Streptococcus pseudopneumoniae 20925_1_26
Streptococcus_34007,97.087,Streptococcus n.sp. 20925_1_22
Streptococcus_34007,97.087,Streptococcus n.sp. 27098_8_134
Streptococcus_34007,97.087,Streptococcus sanguinis 27098_8_181
Streptococcus_34007,97.087,Streptococcus n.sp. 27098_8_82
Streptococcus_34037,96.117,Streptococcus chosunense 27098_8_53
Streptococcus_34037,96.117,Streptococcus n.sp. 27098_8_86
Streptococcus_34037,96.117,Streptococcus n.sp. 27098_8_113
Streptococcus_34037,96.117,Streptococcus n.sp. 27098_8_73
Streptococcus_34037,95.631,Streptococcus gordonii 27098_8_101
Streptococcus_34037,95.631,Streptococcus n.sp. 27098_8_75
Streptococcus_34037,96.117,Streptococcus n.sp. 20925_1_44
Streptococcus_34037,96.117,Streptococcus n.sp. 27098_8_22
Streptococcus_34037,96.117,Streptococcus n.sp. 27098_8_69
Streptococcus_34037,96.117,Streptococcus n.sp. 27098_8_91
Streptococcus_34037,96.117,Streptococcus n.sp. 20925_1_69
Streptococcus_34037,96.117,Streptococcus n.sp. 27098_8_103
Streptococcus_34037,96.117,Streptococcus n.sp. 27098_8_109
Streptococcus_34037,96.117,Streptococcus n.sp. 27098_8_76
Streptococcus_34037,96.117,Streptococcus mitis 27098_8_87
Streptococcus_34037,95.631,Streptococcus n.sp. 27098_8_23
Streptococcus_34037,96.117,Streptococcus n.sp. 27098_8_51
Streptococcus_34037,96.117,Streptococcus n.sp. 27098_8_70
Streptococcus_34037,96.117,Streptococcus parasanguinis 20925_1_10
Streptococcus_34037,96.117,Streptococcus n.sp. 20925_1_77
Streptococcus_34037,96.117,Streptococcus n.sp. 27098_8_12
Streptococcus_34037,96.117,Streptococcus parasanguinis 20925_1_143
Streptococcus_34037,96.117,Streptococcus n.sp. 27098_8_148
Streptococcus_34037,96.117,Streptococcus parasanguinis 27098_8_150
Streptococcus_34037,96.117,Streptococcus n.sp. 27098_8_177
Streptococcus_34037,96.117,Streptococcus n.sp. 27098_8_186
Streptococcus_34037,96.117,Streptococcus parasanguinis 27098_8_46
Streptococcus_34037,96.117,Streptococcus parasanguinis 27098_8_54
Streptococcus_34037,96.117,Streptococcus n.sp. 27098_8_66
Streptococcus_34037,96.117,Streptococcus n.sp. 27098_8_98
Streptococcus_34037,96.117,Streptococcus n.sp. 27098_8_99
Streptococcus_34037,96.117,Streptococcus pseudopneumoniae 20925_1_26
Streptococcus_34037,96.117,Streptococcus salivarius 20925_1_11
Streptococcus_34037,96.117,Streptococcus salivarius 20925_1_13
Streptococcus_34037,96.117,Streptococcus salivarius 27098_8_110
Streptococcus_34037,96.117,Streptococcus salivarius 27098_8_117
Streptococcus_34037,96.117,Streptococcus salivarius 27098_8_119
Streptococcus_34037,96.117,Streptococcus salivarius 27098_8_152
Streptococcus_34037,96.117,Streptococcus salivarius 27098_8_153
Streptococcus_34037,96.117,Streptococcus n.sp. 27098_8_74
Streptococcus_34037,95.631,Streptococcus n.sp. 20925_1_22
Streptococcus_34037,95.631,Streptococcus n.sp. 27098_8_134
Streptococcus_34037,95.631,Streptococcus sanguinis 27098_8_181
Streptococcus_34037,95.631,Streptococcus n.sp. 27098_8_82
Streptococcus_34114,99.029,Streptococcus chosunense 27098_8_53
Streptococcus_34114,99.029,Streptococcus n.sp. 27098_8_86
Streptococcus_34114,97.087,Streptococcus n.sp. 27098_8_113
Streptococcus_34114,97.087,Streptococcus n.sp. 27098_8_73
Streptococcus_34114,96.602,Streptococcus gordonii 27098_8_101
Streptococcus_34114,96.602,Streptococcus n.sp. 27098_8_75
Streptococcus_34114,99.029,Streptococcus n.sp. 20925_1_44
Streptococcus_34114,99.029,Streptococcus n.sp. 27098_8_22
Streptococcus_34114,99.029,Streptococcus n.sp. 27098_8_69
Streptococcus_34114,99.029,Streptococcus n.sp. 27098_8_91
Streptococcus_34114,99.029,Streptococcus n.sp. 20925_1_69
Streptococcus_34114,99.029,Streptococcus n.sp. 27098_8_103
Streptococcus_34114,99.029,Streptococcus n.sp. 27098_8_109
Streptococcus_34114,99.029,Streptococcus n.sp. 27098_8_76
Streptococcus_34114,99.029,Streptococcus mitis 27098_8_87
Streptococcus_34114,98.544,Streptococcus n.sp. 27098_8_23
Streptococcus_34114,99.029,Streptococcus n.sp. 27098_8_51
Streptococcus_34114,99.029,Streptococcus n.sp. 27098_8_70
Streptococcus_34114,97.087,Streptococcus parasanguinis 20925_1_10
Streptococcus_34114,97.087,Streptococcus n.sp. 20925_1_77
Streptococcus_34114,97.087,Streptococcus n.sp. 27098_8_12
Streptococcus_34114,97.087,Streptococcus parasanguinis 20925_1_143
Streptococcus_34114,97.087,Streptococcus n.sp. 27098_8_148
Streptococcus_34114,97.087,Streptococcus parasanguinis 27098_8_150
Streptococcus_34114,97.087,Streptococcus n.sp. 27098_8_177
Streptococcus_34114,97.087,Streptococcus n.sp. 27098_8_186
Streptococcus_34114,97.087,Streptococcus parasanguinis 27098_8_46
Streptococcus_34114,97.087,Streptococcus parasanguinis 27098_8_54
Streptococcus_34114,97.087,Streptococcus n.sp. 27098_8_66
Streptococcus_34114,97.087,Streptococcus n.sp. 27098_8_98
Streptococcus_34114,97.087,Streptococcus n.sp. 27098_8_99
Streptococcus_34114,99.029,Streptococcus pseudopneumoniae 20925_1_26
Streptococcus_34114,96.602,Streptococcus n.sp. 20925_1_22
Streptococcus_34114,96.602,Streptococcus n.sp. 27098_8_134
Streptococcus_34114,96.602,Streptococcus sanguinis 27098_8_181
Streptococcus_34114,96.602,Streptococcus n.sp. 27098_8_82
Streptococcus_34124,99.029,Streptococcus chosunense 27098_8_53
Streptococcus_34124,99.029,Streptococcus n.sp. 27098_8_86
Streptococcus_34124,97.087,Streptococcus n.sp. 27098_8_113
Streptococcus_34124,97.087,Streptococcus n.sp. 27098_8_73
Streptococcus_34124,96.602,Streptococcus gordonii 27098_8_101
Streptococcus_34124,96.602,Streptococcus n.sp. 27098_8_75
Streptococcus_34124,99.029,Streptococcus n.sp. 20925_1_44
Streptococcus_34124,99.029,Streptococcus n.sp. 27098_8_22
Streptococcus_34124,99.029,Streptococcus n.sp. 27098_8_69
Streptococcus_34124,99.029,Streptococcus n.sp. 27098_8_91
Streptococcus_34124,99.029,Streptococcus n.sp. 20925_1_69
Streptococcus_34124,99.029,Streptococcus n.sp. 27098_8_103
Streptococcus_34124,99.029,Streptococcus n.sp. 27098_8_109
Streptococcus_34124,99.029,Streptococcus n.sp. 27098_8_76
Streptococcus_34124,99.029,Streptococcus mitis 27098_8_87
Streptococcus_34124,98.544,Streptococcus n.sp. 27098_8_23
Streptococcus_34124,99.029,Streptococcus n.sp. 27098_8_51
Streptococcus_34124,99.029,Streptococcus n.sp. 27098_8_70
Streptococcus_34124,97.087,Streptococcus parasanguinis 20925_1_10
Streptococcus_34124,97.087,Streptococcus n.sp. 20925_1_77
Streptococcus_34124,97.087,Streptococcus n.sp. 27098_8_12
Streptococcus_34124,97.087,Streptococcus parasanguinis 20925_1_143
Streptococcus_34124,97.087,Streptococcus n.sp. 27098_8_148
Streptococcus_34124,97.087,Streptococcus parasanguinis 27098_8_150
Streptococcus_34124,97.087,Streptococcus n.sp. 27098_8_177
Streptococcus_34124,97.087,Streptococcus n.sp. 27098_8_186
Streptococcus_34124,97.087,Streptococcus parasanguinis 27098_8_46
Streptococcus_34124,97.087,Streptococcus parasanguinis 27098_8_54
Streptococcus_34124,97.087,Streptococcus n.sp. 27098_8_66
Streptococcus_34124,97.087,Streptococcus n.sp. 27098_8_98
Streptococcus_34124,97.087,Streptococcus n.sp. 27098_8_99
Streptococcus_34124,99.029,Streptococcus pseudopneumoniae 20925_1_26
Streptococcus_34124,96.602,Streptococcus n.sp. 20925_1_22
Streptococcus_34124,96.602,Streptococcus n.sp. 27098_8_134
Streptococcus_34124,96.602,Streptococcus sanguinis 27098_8_181
Streptococcus_34124,96.602,Streptococcus n.sp. 27098_8_82
Streptococcus_34143,99.029,Streptococcus chosunense 27098_8_53
Streptococcus_34143,99.029,Streptococcus n.sp. 27098_8_86
Streptococcus_34143,96.117,Streptococcus constellatus 20925_1_21
Streptococcus_34143,98.058,Streptococcus n.sp. 27098_8_113
Streptococcus_34143,98.058,Streptococcus n.sp. 27098_8_73
Streptococcus_34143,97.573,Streptococcus gordonii 27098_8_101
Streptococcus_34143,97.573,Streptococcus n.sp. 27098_8_75
Streptococcus_34143,99.029,Streptococcus n.sp. 20925_1_44
Streptococcus_34143,99.029,Streptococcus n.sp. 27098_8_22
Streptococcus_34143,99.029,Streptococcus n.sp. 27098_8_69
Streptococcus_34143,99.029,Streptococcus n.sp. 27098_8_91
Streptococcus_34143,99.029,Streptococcus n.sp. 20925_1_69
Streptococcus_34143,99.029,Streptococcus n.sp. 27098_8_103
Streptococcus_34143,99.029,Streptococcus n.sp. 27098_8_109
Streptococcus_34143,99.029,Streptococcus n.sp. 27098_8_76
Streptococcus_34143,99.029,Streptococcus mitis 27098_8_87
Streptococcus_34143,98.544,Streptococcus n.sp. 27098_8_23
Streptococcus_34143,99.029,Streptococcus n.sp. 27098_8_51
Streptococcus_34143,99.029,Streptococcus n.sp. 27098_8_70
Streptococcus_34143,98.058,Streptococcus parasanguinis 20925_1_10
Streptococcus_34143,98.058,Streptococcus n.sp. 20925_1_77
Streptococcus_34143,98.058,Streptococcus n.sp. 27098_8_12
Streptococcus_34143,98.058,Streptococcus parasanguinis 20925_1_143
Streptococcus_34143,98.058,Streptococcus n.sp. 27098_8_148
Streptococcus_34143,98.058,Streptococcus parasanguinis 27098_8_150
Streptococcus_34143,98.058,Streptococcus n.sp. 27098_8_177
Streptococcus_34143,98.058,Streptococcus n.sp. 27098_8_186
Streptococcus_34143,98.058,Streptococcus parasanguinis 27098_8_46
Streptococcus_34143,98.058,Streptococcus parasanguinis 27098_8_54
Streptococcus_34143,98.058,Streptococcus n.sp. 27098_8_66
Streptococcus_34143,98.058,Streptococcus n.sp. 27098_8_98
Streptococcus_34143,98.058,Streptococcus n.sp. 27098_8_99
Streptococcus_34143,95.631,Streptococcus anginosus 27098_8_173
Streptococcus_34143,99.029,Streptococcus pseudopneumoniae 20925_1_26
Streptococcus_34143,95.146,Streptococcus salivarius 20925_1_11
Streptococcus_34143,95.146,Streptococcus salivarius 20925_1_13
Streptococcus_34143,95.146,Streptococcus salivarius 27098_8_110
Streptococcus_34143,95.146,Streptococcus salivarius 27098_8_117
Streptococcus_34143,95.146,Streptococcus salivarius 27098_8_119
Streptococcus_34143,95.146,Streptococcus salivarius 27098_8_152
Streptococcus_34143,95.146,Streptococcus salivarius 27098_8_153
Streptococcus_34143,95.146,Streptococcus n.sp. 27098_8_74
Streptococcus_34143,97.573,Streptococcus n.sp. 20925_1_22
Streptococcus_34143,97.573,Streptococcus n.sp. 27098_8_134
Streptococcus_34143,97.573,Streptococcus sanguinis 27098_8_181
Streptococcus_34143,97.573,Streptococcus n.sp. 27098_8_82
Streptococcus_34150,99.515,Streptococcus chosunense 27098_8_53
Streptococcus_34150,99.515,Streptococcus n.sp. 27098_8_86
Streptococcus_34150,95.146,Streptococcus constellatus 20925_1_21
Streptococcus_34150,97.573,Streptococcus n.sp. 27098_8_113
Streptococcus_34150,97.573,Streptococcus n.sp. 27098_8_73
Streptococcus_34150,97.087,Streptococcus gordonii 27098_8_101
Streptococcus_34150,97.087,Streptococcus n.sp. 27098_8_75
Streptococcus_34150,99.515,Streptococcus n.sp. 20925_1_44
Streptococcus_34150,99.515,Streptococcus n.sp. 27098_8_22
Streptococcus_34150,99.515,Streptococcus n.sp. 27098_8_69
Streptococcus_34150,99.515,Streptococcus n.sp. 27098_8_91
Streptococcus_34150,99.515,Streptococcus n.sp. 20925_1_69
Streptococcus_34150,99.515,Streptococcus n.sp. 27098_8_103
Streptococcus_34150,99.515,Streptococcus n.sp. 27098_8_109
Streptococcus_34150,99.515,Streptococcus n.sp. 27098_8_76
Streptococcus_34150,99.515,Streptococcus mitis 27098_8_87
Streptococcus_34150,99.029,Streptococcus n.sp. 27098_8_23
Streptococcus_34150,99.515,Streptococcus n.sp. 27098_8_51
Streptococcus_34150,99.515,Streptococcus n.sp. 27098_8_70
Streptococcus_34150,97.573,Streptococcus parasanguinis 20925_1_10
Streptococcus_34150,97.573,Streptococcus n.sp. 20925_1_77
Streptococcus_34150,97.573,Streptococcus n.sp. 27098_8_12
Streptococcus_34150,97.573,Streptococcus parasanguinis 20925_1_143
Streptococcus_34150,97.573,Streptococcus n.sp. 27098_8_148
Streptococcus_34150,97.573,Streptococcus parasanguinis 27098_8_150
Streptococcus_34150,97.573,Streptococcus n.sp. 27098_8_177
Streptococcus_34150,97.573,Streptococcus n.sp. 27098_8_186
Streptococcus_34150,97.573,Streptococcus parasanguinis 27098_8_46
Streptococcus_34150,97.573,Streptococcus parasanguinis 27098_8_54
Streptococcus_34150,97.573,Streptococcus n.sp. 27098_8_66
Streptococcus_34150,97.573,Streptococcus n.sp. 27098_8_98
Streptococcus_34150,97.573,Streptococcus n.sp. 27098_8_99
Streptococcus_34150,99.515,Streptococcus pseudopneumoniae 20925_1_26
Streptococcus_34150,97.087,Streptococcus n.sp. 20925_1_22
Streptococcus_34150,97.087,Streptococcus n.sp. 27098_8_134
Streptococcus_34150,97.087,Streptococcus sanguinis 27098_8_181
Streptococcus_34150,97.087,Streptococcus n.sp. 27098_8_82
Streptococcus_34155,99.029,Streptococcus chosunense 27098_8_53
Streptococcus_34155,99.029,Streptococcus n.sp. 27098_8_86
Streptococcus_34155,97.087,Streptococcus n.sp. 27098_8_113
Streptococcus_34155,97.087,Streptococcus n.sp. 27098_8_73
Streptococcus_34155,96.602,Streptococcus gordonii 27098_8_101
Streptococcus_34155,96.602,Streptococcus n.sp. 27098_8_75
Streptococcus_34155,99.029,Streptococcus n.sp. 20925_1_44
Streptococcus_34155,99.029,Streptococcus n.sp. 27098_8_22
Streptococcus_34155,99.029,Streptococcus n.sp. 27098_8_69
Streptococcus_34155,99.029,Streptococcus n.sp. 27098_8_91
Streptococcus_34155,99.029,Streptococcus n.sp. 20925_1_69
Streptococcus_34155,99.029,Streptococcus n.sp. 27098_8_103
Streptococcus_34155,99.029,Streptococcus n.sp. 27098_8_109
Streptococcus_34155,99.029,Streptococcus n.sp. 27098_8_76
Streptococcus_34155,99.029,Streptococcus mitis 27098_8_87
Streptococcus_34155,98.544,Streptococcus n.sp. 27098_8_23
Streptococcus_34155,99.029,Streptococcus n.sp. 27098_8_51
Streptococcus_34155,99.029,Streptococcus n.sp. 27098_8_70
Streptococcus_34155,97.087,Streptococcus parasanguinis 20925_1_10
Streptococcus_34155,97.087,Streptococcus n.sp. 20925_1_77
Streptococcus_34155,97.087,Streptococcus n.sp. 27098_8_12
Streptococcus_34155,97.087,Streptococcus parasanguinis 20925_1_143
Streptococcus_34155,97.087,Streptococcus n.sp. 27098_8_148
Streptococcus_34155,97.087,Streptococcus parasanguinis 27098_8_150
Streptococcus_34155,97.087,Streptococcus n.sp. 27098_8_177
Streptococcus_34155,97.087,Streptococcus n.sp. 27098_8_186
Streptococcus_34155,97.087,Streptococcus parasanguinis 27098_8_46
Streptococcus_34155,97.087,Streptococcus parasanguinis 27098_8_54
Streptococcus_34155,97.087,Streptococcus n.sp. 27098_8_66
Streptococcus_34155,97.087,Streptococcus n.sp. 27098_8_98
Streptococcus_34155,97.087,Streptococcus n.sp. 27098_8_99
Streptococcus_34155,99.029,Streptococcus pseudopneumoniae 20925_1_26
Streptococcus_34155,96.602,Streptococcus n.sp. 20925_1_22
Streptococcus_34155,96.602,Streptococcus n.sp. 27098_8_134
Streptococcus_34155,96.602,Streptococcus sanguinis 27098_8_181
Streptococcus_34155,96.602,Streptococcus n.sp. 27098_8_82
Streptococcus_34157,99.515,Streptococcus chosunense 27098_8_53
Streptococcus_34157,99.515,Streptococcus n.sp. 27098_8_86
Streptococcus_34157,97.573,Streptococcus n.sp. 27098_8_113
Streptococcus_34157,97.573,Streptococcus n.sp. 27098_8_73
Streptococcus_34157,97.087,Streptococcus gordonii 27098_8_101
Streptococcus_34157,97.087,Streptococcus n.sp. 27098_8_75
Streptococcus_34157,99.515,Streptococcus n.sp. 20925_1_44
Streptococcus_34157,99.515,Streptococcus n.sp. 27098_8_22
Streptococcus_34157,99.515,Streptococcus n.sp. 27098_8_69
Streptococcus_34157,99.515,Streptococcus n.sp. 27098_8_91
Streptococcus_34157,99.515,Streptococcus n.sp. 20925_1_69
Streptococcus_34157,99.515,Streptococcus n.sp. 27098_8_103
Streptococcus_34157,99.515,Streptococcus n.sp. 27098_8_109
Streptococcus_34157,99.515,Streptococcus n.sp. 27098_8_76
Streptococcus_34157,99.515,Streptococcus mitis 27098_8_87
Streptococcus_34157,99.029,Streptococcus n.sp. 27098_8_23
Streptococcus_34157,99.515,Streptococcus n.sp. 27098_8_51
Streptococcus_34157,99.515,Streptococcus n.sp. 27098_8_70
Streptococcus_34157,97.573,Streptococcus parasanguinis 20925_1_10
Streptococcus_34157,97.573,Streptococcus n.sp. 20925_1_77
Streptococcus_34157,97.573,Streptococcus n.sp. 27098_8_12
Streptococcus_34157,97.573,Streptococcus parasanguinis 20925_1_143
Streptococcus_34157,97.573,Streptococcus n.sp. 27098_8_148
Streptococcus_34157,97.573,Streptococcus parasanguinis 27098_8_150
Streptococcus_34157,97.573,Streptococcus n.sp. 27098_8_177
Streptococcus_34157,97.573,Streptococcus n.sp. 27098_8_186
Streptococcus_34157,97.573,Streptococcus parasanguinis 27098_8_46
Streptococcus_34157,97.573,Streptococcus parasanguinis 27098_8_54
Streptococcus_34157,97.573,Streptococcus n.sp. 27098_8_66
Streptococcus_34157,97.573,Streptococcus n.sp. 27098_8_98
Streptococcus_34157,97.573,Streptococcus n.sp. 27098_8_99
Streptococcus_34157,99.515,Streptococcus pseudopneumoniae 20925_1_26
Streptococcus_34157,97.087,Streptococcus n.sp. 20925_1_22
Streptococcus_34157,97.087,Streptococcus n.sp. 27098_8_134
Streptococcus_34157,97.087,Streptococcus sanguinis 27098_8_181
Streptococcus_34157,97.087,Streptococcus n.sp. 27098_8_82
Streptococcus_34158,,no_isolate
Streptococcus_34160,99.515,Streptococcus chosunense 27098_8_53
Streptococcus_34160,99.515,Streptococcus n.sp. 27098_8_86
Streptococcus_34160,97.573,Streptococcus n.sp. 27098_8_113
Streptococcus_34160,97.573,Streptococcus n.sp. 27098_8_73
Streptococcus_34160,97.087,Streptococcus gordonii 27098_8_101
Streptococcus_34160,97.087,Streptococcus n.sp. 27098_8_75
Streptococcus_34160,99.515,Streptococcus n.sp. 20925_1_44
Streptococcus_34160,99.515,Streptococcus n.sp. 27098_8_22
Streptococcus_34160,99.515,Streptococcus n.sp. 27098_8_69
Streptococcus_34160,99.515,Streptococcus n.sp. 27098_8_91
Streptococcus_34160,99.515,Streptococcus n.sp. 20925_1_69
Streptococcus_34160,99.515,Streptococcus n.sp. 27098_8_103
Streptococcus_34160,99.515,Streptococcus n.sp. 27098_8_109
Streptococcus_34160,99.515,Streptococcus n.sp. 27098_8_76
Streptococcus_34160,99.515,Streptococcus mitis 27098_8_87
Streptococcus_34160,99.029,Streptococcus n.sp. 27098_8_23
Streptococcus_34160,99.515,Streptococcus n.sp. 27098_8_51
Streptococcus_34160,99.515,Streptococcus n.sp. 27098_8_70
Streptococcus_34160,97.573,Streptococcus parasanguinis 20925_1_10
Streptococcus_34160,97.573,Streptococcus n.sp. 20925_1_77
Streptococcus_34160,97.573,Streptococcus n.sp. 27098_8_12
Streptococcus_34160,97.573,Streptococcus parasanguinis 20925_1_143
Streptococcus_34160,97.573,Streptococcus n.sp. 27098_8_148
Streptococcus_34160,97.573,Streptococcus parasanguinis 27098_8_150
Streptococcus_34160,97.573,Streptococcus n.sp. 27098_8_177
Streptococcus_34160,97.573,Streptococcus n.sp. 27098_8_186
Streptococcus_34160,97.573,Streptococcus parasanguinis 27098_8_46
Streptococcus_34160,97.573,Streptococcus parasanguinis 27098_8_54
Streptococcus_34160,97.573,Streptococcus n.sp. 27098_8_66
Streptococcus_34160,97.573,Streptococcus n.sp. 27098_8_98
Streptococcus_34160,97.573,Streptococcus n.sp. 27098_8_99
Streptococcus_34160,99.515,Streptococcus pseudopneumoniae 20925_1_26
Streptococcus_34160,97.087,Streptococcus n.sp. 20925_1_22
Streptococcus_34160,97.087,Streptococcus n.sp. 27098_8_134
Streptococcus_34160,97.087,Streptococcus sanguinis 27098_8_181
Streptococcus_34160,97.087,Streptococcus n.sp. 27098_8_82
Streptococcus_34161,99.029,Streptococcus chosunense 27098_8_53
Streptococcus_34161,99.029,Streptococcus n.sp. 27098_8_86
Streptococcus_34161,95.146,Streptococcus constellatus 20925_1_21
Streptococcus_34161,97.087,Streptococcus n.sp. 27098_8_113
Streptococcus_34161,97.087,Streptococcus n.sp. 27098_8_73
Streptococcus_34161,96.602,Streptococcus gordonii 27098_8_101
Streptococcus_34161,96.602,Streptococcus n.sp. 27098_8_75
Streptococcus_34161,99.029,Streptococcus n.sp. 20925_1_44
Streptococcus_34161,99.029,Streptococcus n.sp. 27098_8_22
Streptococcus_34161,99.029,Streptococcus n.sp. 27098_8_69
Streptococcus_34161,99.029,Streptococcus n.sp. 27098_8_91
Streptococcus_34161,99.029,Streptococcus n.sp. 20925_1_69
Streptococcus_34161,99.029,Streptococcus n.sp. 27098_8_103
Streptococcus_34161,99.029,Streptococcus n.sp. 27098_8_109
Streptococcus_34161,99.029,Streptococcus n.sp. 27098_8_76
Streptococcus_34161,99.029,Streptococcus mitis 27098_8_87
Streptococcus_34161,98.544,Streptococcus n.sp. 27098_8_23
Streptococcus_34161,99.029,Streptococcus n.sp. 27098_8_51
Streptococcus_34161,99.029,Streptococcus n.sp. 27098_8_70
Streptococcus_34161,97.087,Streptococcus parasanguinis 20925_1_10
Streptococcus_34161,97.087,Streptococcus n.sp. 20925_1_77
Streptococcus_34161,97.087,Streptococcus n.sp. 27098_8_12
Streptococcus_34161,97.087,Streptococcus parasanguinis 20925_1_143
Streptococcus_34161,97.087,Streptococcus n.sp. 27098_8_148
Streptococcus_34161,97.087,Streptococcus parasanguinis 27098_8_150
Streptococcus_34161,97.087,Streptococcus n.sp. 27098_8_177
Streptococcus_34161,97.087,Streptococcus n.sp. 27098_8_186
Streptococcus_34161,97.087,Streptococcus parasanguinis 27098_8_46
Streptococcus_34161,97.087,Streptococcus parasanguinis 27098_8_54
Streptococcus_34161,97.087,Streptococcus n.sp. 27098_8_66
Streptococcus_34161,97.087,Streptococcus n.sp. 27098_8_98
Streptococcus_34161,97.087,Streptococcus n.sp. 27098_8_99
Streptococcus_34161,99.029,Streptococcus pseudopneumoniae 20925_1_26
Streptococcus_34161,96.602,Streptococcus n.sp. 20925_1_22
Streptococcus_34161,96.602,Streptococcus n.sp. 27098_8_134
Streptococcus_34161,96.602,Streptococcus sanguinis 27098_8_181
Streptococcus_34161,96.602,Streptococcus n.sp. 27098_8_82
Streptococcus_34164,99.515,Streptococcus chosunense 27098_8_53
Streptococcus_34164,99.515,Streptococcus n.sp. 27098_8_86
Streptococcus_34164,97.573,Streptococcus n.sp. 27098_8_113
Streptococcus_34164,97.573,Streptococcus n.sp. 27098_8_73
Streptococcus_34164,97.087,Streptococcus gordonii 27098_8_101
Streptococcus_34164,97.087,Streptococcus n.sp. 27098_8_75
Streptococcus_34164,99.515,Streptococcus n.sp. 20925_1_44
Streptococcus_34164,99.515,Streptococcus n.sp. 27098_8_22
Streptococcus_34164,99.515,Streptococcus n.sp. 27098_8_69
Streptococcus_34164,99.515,Streptococcus n.sp. 27098_8_91
Streptococcus_34164,99.515,Streptococcus n.sp. 20925_1_69
Streptococcus_34164,99.515,Streptococcus n.sp. 27098_8_103
Streptococcus_34164,99.515,Streptococcus n.sp. 27098_8_109
Streptococcus_34164,99.515,Streptococcus n.sp. 27098_8_76
Streptococcus_34164,99.515,Streptococcus mitis 27098_8_87
Streptococcus_34164,99.029,Streptococcus n.sp. 27098_8_23
Streptococcus_34164,99.515,Streptococcus n.sp. 27098_8_51
Streptococcus_34164,99.515,Streptococcus n.sp. 27098_8_70
Streptococcus_34164,97.573,Streptococcus parasanguinis 20925_1_10
Streptococcus_34164,97.573,Streptococcus n.sp. 20925_1_77
Streptococcus_34164,97.573,Streptococcus n.sp. 27098_8_12
Streptococcus_34164,97.573,Streptococcus parasanguinis 20925_1_143
Streptococcus_34164,97.573,Streptococcus n.sp. 27098_8_148
Streptococcus_34164,97.573,Streptococcus parasanguinis 27098_8_150
Streptococcus_34164,97.573,Streptococcus n.sp. 27098_8_177
Streptococcus_34164,97.573,Streptococcus n.sp. 27098_8_186
Streptococcus_34164,97.573,Streptococcus parasanguinis 27098_8_46
Streptococcus_34164,97.573,Streptococcus parasanguinis 27098_8_54
Streptococcus_34164,97.573,Streptococcus n.sp. 27098_8_66
Streptococcus_34164,97.573,Streptococcus n.sp. 27098_8_98
Streptococcus_34164,97.573,Streptococcus n.sp. 27098_8_99
Streptococcus_34164,99.515,Streptococcus pseudopneumoniae 20925_1_26
Streptococcus_34164,97.087,Streptococcus n.sp. 20925_1_22
Streptococcus_34164,97.087,Streptococcus n.sp. 27098_8_134
Streptococcus_34164,97.087,Streptococcus sanguinis 27098_8_181
Streptococcus_34164,97.087,Streptococcus n.sp. 27098_8_82
Streptococcus_34231,99.515,Streptococcus chosunense 27098_8_53
Streptococcus_34231,99.515,Streptococcus n.sp. 27098_8_86
Streptococcus_34231,97.573,Streptococcus n.sp. 27098_8_113
Streptococcus_34231,97.573,Streptococcus n.sp. 27098_8_73
Streptococcus_34231,97.087,Streptococcus gordonii 27098_8_101
Streptococcus_34231,97.087,Streptococcus n.sp. 27098_8_75
Streptococcus_34231,99.515,Streptococcus n.sp. 20925_1_44
Streptococcus_34231,99.515,Streptococcus n.sp. 27098_8_22
Streptococcus_34231,99.515,Streptococcus n.sp. 27098_8_69
Streptococcus_34231,99.515,Streptococcus n.sp. 27098_8_91
Streptococcus_34231,99.515,Streptococcus n.sp. 20925_1_69
Streptococcus_34231,99.515,Streptococcus n.sp. 27098_8_103
Streptococcus_34231,99.515,Streptococcus n.sp. 27098_8_109
Streptococcus_34231,99.515,Streptococcus n.sp. 27098_8_76
Streptococcus_34231,99.515,Streptococcus mitis 27098_8_87
Streptococcus_34231,99.029,Streptococcus n.sp. 27098_8_23
Streptococcus_34231,99.515,Streptococcus n.sp. 27098_8_51
Streptococcus_34231,99.515,Streptococcus n.sp. 27098_8_70
Streptococcus_34231,97.573,Streptococcus parasanguinis 20925_1_10
Streptococcus_34231,97.573,Streptococcus n.sp. 20925_1_77
Streptococcus_34231,97.573,Streptococcus n.sp. 27098_8_12
Streptococcus_34231,97.573,Streptococcus parasanguinis 20925_1_143
Streptococcus_34231,97.573,Streptococcus n.sp. 27098_8_148
Streptococcus_34231,97.573,Streptococcus parasanguinis 27098_8_150
Streptococcus_34231,97.573,Streptococcus n.sp. 27098_8_177
Streptococcus_34231,97.573,Streptococcus n.sp. 27098_8_186
Streptococcus_34231,97.573,Streptococcus parasanguinis 27098_8_46
Streptococcus_34231,97.573,Streptococcus parasanguinis 27098_8_54
Streptococcus_34231,97.573,Streptococcus n.sp. 27098_8_66
Streptococcus_34231,97.573,Streptococcus n.sp. 27098_8_98
Streptococcus_34231,97.573,Streptococcus n.sp. 27098_8_99
Streptococcus_34231,99.515,Streptococcus pseudopneumoniae 20925_1_26
Streptococcus_34231,97.087,Streptococcus n.sp. 20925_1_22
Streptococcus_34231,97.087,Streptococcus n.sp. 27098_8_134
Streptococcus_34231,97.087,Streptococcus sanguinis 27098_8_181
Streptococcus_34231,97.087,Streptococcus n.sp. 27098_8_82
Streptococcus_34232,99.029,Streptococcus chosunense 27098_8_53
Streptococcus_34232,99.029,Streptococcus n.sp. 27098_8_86
Streptococcus_34232,97.087,Streptococcus n.sp. 27098_8_113
Streptococcus_34232,97.087,Streptococcus n.sp. 27098_8_73
Streptococcus_34232,96.602,Streptococcus gordonii 27098_8_101
Streptococcus_34232,96.602,Streptococcus n.sp. 27098_8_75
Streptococcus_34232,99.029,Streptococcus n.sp. 20925_1_44
Streptococcus_34232,99.029,Streptococcus n.sp. 27098_8_22
Streptococcus_34232,99.029,Streptococcus n.sp. 27098_8_69
Streptococcus_34232,99.029,Streptococcus n.sp. 27098_8_91
Streptococcus_34232,99.029,Streptococcus n.sp. 20925_1_69
Streptococcus_34232,99.029,Streptococcus n.sp. 27098_8_103
Streptococcus_34232,99.029,Streptococcus n.sp. 27098_8_109
Streptococcus_34232,99.029,Streptococcus n.sp. 27098_8_76
Streptococcus_34232,99.029,Streptococcus mitis 27098_8_87
Streptococcus_34232,98.544,Streptococcus n.sp. 27098_8_23
Streptococcus_34232,99.029,Streptococcus n.sp. 27098_8_51
Streptococcus_34232,99.029,Streptococcus n.sp. 27098_8_70
Streptococcus_34232,97.087,Streptococcus parasanguinis 20925_1_10
Streptococcus_34232,97.087,Streptococcus n.sp. 20925_1_77
Streptococcus_34232,97.087,Streptococcus n.sp. 27098_8_12
Streptococcus_34232,97.087,Streptococcus parasanguinis 20925_1_143
Streptococcus_34232,97.087,Streptococcus n.sp. 27098_8_148
Streptococcus_34232,97.087,Streptococcus parasanguinis 27098_8_150
Streptococcus_34232,97.087,Streptococcus n.sp. 27098_8_177
Streptococcus_34232,97.087,Streptococcus n.sp. 27098_8_186
Streptococcus_34232,97.087,Streptococcus parasanguinis 27098_8_46
Streptococcus_34232,97.087,Streptococcus parasanguinis 27098_8_54
Streptococcus_34232,97.087,Streptococcus n.sp. 27098_8_66
Streptococcus_34232,97.087,Streptococcus n.sp. 27098_8_98
Streptococcus_34232,97.087,Streptococcus n.sp. 27098_8_99
Streptococcus_34232,99.029,Streptococcus pseudopneumoniae 20925_1_26
Streptococcus_34232,96.602,Streptococcus n.sp. 20925_1_22
Streptococcus_34232,96.602,Streptococcus n.sp. 27098_8_134
Streptococcus_34232,96.602,Streptococcus sanguinis 27098_8_181
Streptococcus_34232,96.602,Streptococcus n.sp. 27098_8_82
Streptococcus_34234,99.515,Streptococcus chosunense 27098_8_53
Streptococcus_34234,99.515,Streptococcus n.sp. 27098_8_86
Streptococcus_34234,97.573,Streptococcus n.sp. 27098_8_113
Streptococcus_34234,97.573,Streptococcus n.sp. 27098_8_73
Streptococcus_34234,97.087,Streptococcus gordonii 27098_8_101
Streptococcus_34234,97.087,Streptococcus n.sp. 27098_8_75
Streptococcus_34234,99.515,Streptococcus n.sp. 20925_1_44
Streptococcus_34234,99.515,Streptococcus n.sp. 27098_8_22
Streptococcus_34234,99.515,Streptococcus n.sp. 27098_8_69
Streptococcus_34234,99.515,Streptococcus n.sp. 27098_8_91
Streptococcus_34234,99.515,Streptococcus n.sp. 20925_1_69
Streptococcus_34234,99.515,Streptococcus n.sp. 27098_8_103
Streptococcus_34234,99.515,Streptococcus n.sp. 27098_8_109
Streptococcus_34234,99.515,Streptococcus n.sp. 27098_8_76
Streptococcus_34234,99.515,Streptococcus mitis 27098_8_87
Streptococcus_34234,99.029,Streptococcus n.sp. 27098_8_23
Streptococcus_34234,99.515,Streptococcus n.sp. 27098_8_51
Streptococcus_34234,99.515,Streptococcus n.sp. 27098_8_70
Streptococcus_34234,97.573,Streptococcus parasanguinis 20925_1_10
Streptococcus_34234,97.573,Streptococcus n.sp. 20925_1_77
Streptococcus_34234,97.573,Streptococcus n.sp. 27098_8_12
Streptococcus_34234,97.573,Streptococcus parasanguinis 20925_1_143
Streptococcus_34234,97.573,Streptococcus n.sp. 27098_8_148
Streptococcus_34234,97.573,Streptococcus parasanguinis 27098_8_150
Streptococcus_34234,97.573,Streptococcus n.sp. 27098_8_177
Streptococcus_34234,97.573,Streptococcus n.sp. 27098_8_186
Streptococcus_34234,97.573,Streptococcus parasanguinis 27098_8_46
Streptococcus_34234,97.573,Streptococcus parasanguinis 27098_8_54
Streptococcus_34234,97.573,Streptococcus n.sp. 27098_8_66
Streptococcus_34234,97.573,Streptococcus n.sp. 27098_8_98
Streptococcus_34234,97.573,Streptococcus n.sp. 27098_8_99
Streptococcus_34234,99.515,Streptococcus pseudopneumoniae 20925_1_26
Streptococcus_34234,97.087,Streptococcus n.sp. 20925_1_22
Streptococcus_34234,97.087,Streptococcus n.sp. 27098_8_134
Streptococcus_34234,97.087,Streptococcus sanguinis 27098_8_181
Streptococcus_34234,97.087,Streptococcus n.sp. 27098_8_82
Streptococcus_34235,99.515,Streptococcus chosunense 27098_8_53
Streptococcus_34235,99.515,Streptococcus n.sp. 27098_8_86
Streptococcus_34235,97.573,Streptococcus n.sp. 27098_8_113
Streptococcus_34235,97.573,Streptococcus n.sp. 27098_8_73
Streptococcus_34235,97.087,Streptococcus gordonii 27098_8_101
Streptococcus_34235,97.087,Streptococcus n.sp. 27098_8_75
Streptococcus_34235,99.515,Streptococcus n.sp. 20925_1_44
Streptococcus_34235,99.515,Streptococcus n.sp. 27098_8_22
Streptococcus_34235,99.515,Streptococcus n.sp. 27098_8_69
Streptococcus_34235,99.515,Streptococcus n.sp. 27098_8_91
Streptococcus_34235,99.515,Streptococcus n.sp. 20925_1_69
Streptococcus_34235,99.515,Streptococcus n.sp. 27098_8_103
Streptococcus_34235,99.515,Streptococcus n.sp. 27098_8_109
Streptococcus_34235,99.515,Streptococcus n.sp. 27098_8_76
Streptococcus_34235,99.515,Streptococcus mitis 27098_8_87
Streptococcus_34235,99.029,Streptococcus n.sp. 27098_8_23
Streptococcus_34235,99.515,Streptococcus n.sp. 27098_8_51
Streptococcus_34235,99.515,Streptococcus n.sp. 27098_8_70
Streptococcus_34235,97.573,Streptococcus parasanguinis 20925_1_10
Streptococcus_34235,97.573,Streptococcus n.sp. 20925_1_77
Streptococcus_34235,97.573,Streptococcus n.sp. 27098_8_12
Streptococcus_34235,97.573,Streptococcus parasanguinis 20925_1_143
Streptococcus_34235,97.573,Streptococcus n.sp. 27098_8_148
Streptococcus_34235,97.573,Streptococcus parasanguinis 27098_8_150
Streptococcus_34235,97.573,Streptococcus n.sp. 27098_8_177
Streptococcus_34235,97.573,Streptococcus n.sp. 27098_8_186
Streptococcus_34235,97.573,Streptococcus parasanguinis 27098_8_46
Streptococcus_34235,97.573,Streptococcus parasanguinis 27098_8_54
Streptococcus_34235,97.573,Streptococcus n.sp. 27098_8_66
Streptococcus_34235,97.573,Streptococcus n.sp. 27098_8_98
Streptococcus_34235,97.573,Streptococcus n.sp. 27098_8_99
Streptococcus_34235,99.515,Streptococcus pseudopneumoniae 20925_1_26
Streptococcus_34235,97.087,Streptococcus n.sp. 20925_1_22
Streptococcus_34235,97.087,Streptococcus n.sp. 27098_8_134
Streptococcus_34235,97.087,Streptococcus sanguinis 27098_8_181
Streptococcus_34235,97.087,Streptococcus n.sp. 27098_8_82
Streptococcus_34236,99.515,Streptococcus chosunense 27098_8_53
Streptococcus_34236,99.515,Streptococcus n.sp. 27098_8_86
Streptococcus_34236,97.573,Streptococcus n.sp. 27098_8_113
Streptococcus_34236,97.573,Streptococcus n.sp. 27098_8_73
Streptococcus_34236,97.087,Streptococcus gordonii 27098_8_101
Streptococcus_34236,97.087,Streptococcus n.sp. 27098_8_75
Streptococcus_34236,99.515,Streptococcus n.sp. 20925_1_44
Streptococcus_34236,99.515,Streptococcus n.sp. 27098_8_22
Streptococcus_34236,99.515,Streptococcus n.sp. 27098_8_69
Streptococcus_34236,99.515,Streptococcus n.sp. 27098_8_91
Streptococcus_34236,99.515,Streptococcus n.sp. 20925_1_69
Streptococcus_34236,99.515,Streptococcus n.sp. 27098_8_103
Streptococcus_34236,99.515,Streptococcus n.sp. 27098_8_109
Streptococcus_34236,99.515,Streptococcus n.sp. 27098_8_76
Streptococcus_34236,99.515,Streptococcus mitis 27098_8_87
Streptococcus_34236,99.029,Streptococcus n.sp. 27098_8_23
Streptococcus_34236,99.515,Streptococcus n.sp. 27098_8_51
Streptococcus_34236,99.515,Streptococcus n.sp. 27098_8_70
Streptococcus_34236,97.573,Streptococcus parasanguinis 20925_1_10
Streptococcus_34236,97.573,Streptococcus n.sp. 20925_1_77
Streptococcus_34236,97.573,Streptococcus n.sp. 27098_8_12
Streptococcus_34236,97.573,Streptococcus parasanguinis 20925_1_143
Streptococcus_34236,97.573,Streptococcus n.sp. 27098_8_148
Streptococcus_34236,97.573,Streptococcus parasanguinis 27098_8_150
Streptococcus_34236,97.573,Streptococcus n.sp. 27098_8_177
Streptococcus_34236,97.573,Streptococcus n.sp. 27098_8_186
Streptococcus_34236,97.573,Streptococcus parasanguinis 27098_8_46
Streptococcus_34236,97.573,Streptococcus parasanguinis 27098_8_54
Streptococcus_34236,97.573,Streptococcus n.sp. 27098_8_66
Streptococcus_34236,97.573,Streptococcus n.sp. 27098_8_98
Streptococcus_34236,97.573,Streptococcus n.sp. 27098_8_99
Streptococcus_34236,99.515,Streptococcus pseudopneumoniae 20925_1_26
Streptococcus_34236,97.087,Streptococcus n.sp. 20925_1_22
Streptococcus_34236,97.087,Streptococcus n.sp. 27098_8_134
Streptococcus_34236,97.087,Streptococcus sanguinis 27098_8_181
Streptococcus_34236,97.087,Streptococcus n.sp. 27098_8_82
Streptococcus_34239,99.515,Streptococcus chosunense 27098_8_53
Streptococcus_34239,99.515,Streptococcus n.sp. 27098_8_86
Streptococcus_34239,97.573,Streptococcus n.sp. 27098_8_113
Streptococcus_34239,97.573,Streptococcus n.sp. 27098_8_73
Streptococcus_34239,97.087,Streptococcus gordonii 27098_8_101
Streptococcus_34239,97.087,Streptococcus n.sp. 27098_8_75
Streptococcus_34239,99.515,Streptococcus n.sp. 20925_1_44
Streptococcus_34239,99.515,Streptococcus n.sp. 27098_8_22
Streptococcus_34239,99.515,Streptococcus n.sp. 27098_8_69
Streptococcus_34239,99.515,Streptococcus n.sp. 27098_8_91
Streptococcus_34239,99.515,Streptococcus n.sp. 20925_1_69
Streptococcus_34239,99.515,Streptococcus n.sp. 27098_8_103
Streptococcus_34239,99.515,Streptococcus n.sp. 27098_8_109
Streptococcus_34239,99.515,Streptococcus n.sp. 27098_8_76
Streptococcus_34239,99.515,Streptococcus mitis 27098_8_87
Streptococcus_34239,99.029,Streptococcus n.sp. 27098_8_23
Streptococcus_34239,99.515,Streptococcus n.sp. 27098_8_51
Streptococcus_34239,99.515,Streptococcus n.sp. 27098_8_70
Streptococcus_34239,97.573,Streptococcus parasanguinis 20925_1_10
Streptococcus_34239,97.573,Streptococcus n.sp. 20925_1_77
Streptococcus_34239,97.573,Streptococcus n.sp. 27098_8_12
Streptococcus_34239,97.573,Streptococcus parasanguinis 20925_1_143
Streptococcus_34239,97.573,Streptococcus n.sp. 27098_8_148
Streptococcus_34239,97.573,Streptococcus parasanguinis 27098_8_150
Streptococcus_34239,97.573,Streptococcus n.sp. 27098_8_177
Streptococcus_34239,97.573,Streptococcus n.sp. 27098_8_186
Streptococcus_34239,97.573,Streptococcus parasanguinis 27098_8_46
Streptococcus_34239,97.573,Streptococcus parasanguinis 27098_8_54
Streptococcus_34239,97.573,Streptococcus n.sp. 27098_8_66
Streptococcus_34239,97.573,Streptococcus n.sp. 27098_8_98
Streptococcus_34239,97.573,Streptococcus n.sp. 27098_8_99
Streptococcus_34239,99.515,Streptococcus pseudopneumoniae 20925_1_26
Streptococcus_34239,97.087,Streptococcus n.sp. 20925_1_22
Streptococcus_34239,97.087,Streptococcus n.sp. 27098_8_134
Streptococcus_34239,97.087,Streptococcus sanguinis 27098_8_181
Streptococcus_34239,97.087,Streptococcus n.sp. 27098_8_82
Streptococcus_34246,99.515,Streptococcus chosunense 27098_8_53
Streptococcus_34246,99.515,Streptococcus n.sp. 27098_8_86
Streptococcus_34246,97.573,Streptococcus n.sp. 27098_8_113
Streptococcus_34246,97.573,Streptococcus n.sp. 27098_8_73
Streptococcus_34246,97.087,Streptococcus gordonii 27098_8_101
Streptococcus_34246,97.087,Streptococcus n.sp. 27098_8_75
Streptococcus_34246,99.515,Streptococcus n.sp. 20925_1_44
Streptococcus_34246,99.515,Streptococcus n.sp. 27098_8_22
Streptococcus_34246,99.515,Streptococcus n.sp. 27098_8_69
Streptococcus_34246,99.515,Streptococcus n.sp. 27098_8_91
Streptococcus_34246,99.515,Streptococcus n.sp. 20925_1_69
Streptococcus_34246,99.515,Streptococcus n.sp. 27098_8_103
Streptococcus_34246,99.515,Streptococcus n.sp. 27098_8_109
Streptococcus_34246,99.515,Streptococcus n.sp. 27098_8_76
Streptococcus_34246,99.515,Streptococcus mitis 27098_8_87
Streptococcus_34246,99.029,Streptococcus n.sp. 27098_8_23
Streptococcus_34246,99.515,Streptococcus n.sp. 27098_8_51
Streptococcus_34246,99.515,Streptococcus n.sp. 27098_8_70
Streptococcus_34246,97.573,Streptococcus parasanguinis 20925_1_10
Streptococcus_34246,97.573,Streptococcus n.sp. 20925_1_77
Streptococcus_34246,97.573,Streptococcus n.sp. 27098_8_12
Streptococcus_34246,97.573,Streptococcus parasanguinis 20925_1_143
Streptococcus_34246,97.573,Streptococcus n.sp. 27098_8_148
Streptococcus_34246,97.573,Streptococcus parasanguinis 27098_8_150
Streptococcus_34246,97.573,Streptococcus n.sp. 27098_8_177
Streptococcus_34246,97.573,Streptococcus n.sp. 27098_8_186
Streptococcus_34246,97.573,Streptococcus parasanguinis 27098_8_46
Streptococcus_34246,97.573,Streptococcus parasanguinis 27098_8_54
Streptococcus_34246,97.573,Streptococcus n.sp. 27098_8_66
Streptococcus_34246,97.573,Streptococcus n.sp. 27098_8_98
Streptococcus_34246,97.573,Streptococcus n.sp. 27098_8_99
Streptococcus_34246,99.515,Streptococcus pseudopneumoniae 20925_1_26
Streptococcus_34246,97.087,Streptococcus n.sp. 20925_1_22
Streptococcus_34246,97.087,Streptococcus n.sp. 27098_8_134
Streptococcus_34246,97.087,Streptococcus sanguinis 27098_8_181
Streptococcus_34246,97.087,Streptococcus n.sp. 27098_8_82
Streptococcus_34247,99.029,Streptococcus chosunense 27098_8_53
Streptococcus_34247,99.029,Streptococcus n.sp. 27098_8_86
Streptococcus_34247,97.087,Streptococcus n.sp. 27098_8_113
Streptococcus_34247,97.087,Streptococcus n.sp. 27098_8_73
Streptococcus_34247,96.602,Streptococcus gordonii 27098_8_101
Streptococcus_34247,96.602,Streptococcus n.sp. 27098_8_75
Streptococcus_34247,99.029,Streptococcus n.sp. 20925_1_44
Streptococcus_34247,99.029,Streptococcus n.sp. 27098_8_22
Streptococcus_34247,99.029,Streptococcus n.sp. 27098_8_69
Streptococcus_34247,99.029,Streptococcus n.sp. 27098_8_91
Streptococcus_34247,99.029,Streptococcus n.sp. 20925_1_69
Streptococcus_34247,99.029,Streptococcus n.sp. 27098_8_103
Streptococcus_34247,99.029,Streptococcus n.sp. 27098_8_109
Streptococcus_34247,99.029,Streptococcus n.sp. 27098_8_76
Streptococcus_34247,99.029,Streptococcus mitis 27098_8_87
Streptococcus_34247,98.544,Streptococcus n.sp. 27098_8_23
Streptococcus_34247,99.029,Streptococcus n.sp. 27098_8_51
Streptococcus_34247,99.029,Streptococcus n.sp. 27098_8_70
Streptococcus_34247,97.087,Streptococcus parasanguinis 20925_1_10
Streptococcus_34247,97.087,Streptococcus n.sp. 20925_1_77
Streptococcus_34247,97.087,Streptococcus n.sp. 27098_8_12
Streptococcus_34247,97.087,Streptococcus parasanguinis 20925_1_143
Streptococcus_34247,97.087,Streptococcus n.sp. 27098_8_148
Streptococcus_34247,97.087,Streptococcus parasanguinis 27098_8_150
Streptococcus_34247,97.087,Streptococcus n.sp. 27098_8_177
Streptococcus_34247,97.087,Streptococcus n.sp. 27098_8_186
Streptococcus_34247,97.087,Streptococcus parasanguinis 27098_8_46
Streptococcus_34247,97.087,Streptococcus parasanguinis 27098_8_54
Streptococcus_34247,97.087,Streptococcus n.sp. 27098_8_66
Streptococcus_34247,97.087,Streptococcus n.sp. 27098_8_98
Streptococcus_34247,97.087,Streptococcus n.sp. 27098_8_99
Streptococcus_34247,99.029,Streptococcus pseudopneumoniae 20925_1_26
Streptococcus_34247,96.602,Streptococcus n.sp. 20925_1_22
Streptococcus_34247,96.602,Streptococcus n.sp. 27098_8_134
Streptococcus_34247,96.602,Streptococcus sanguinis 27098_8_181
Streptococcus_34247,96.602,Streptococcus n.sp. 27098_8_82
Streptococcus_34255,99.515,Streptococcus chosunense 27098_8_53
Streptococcus_34255,99.515,Streptococcus n.sp. 27098_8_86
Streptococcus_34255,97.573,Streptococcus n.sp. 27098_8_113
Streptococcus_34255,97.573,Streptococcus n.sp. 27098_8_73
Streptococcus_34255,97.087,Streptococcus gordonii 27098_8_101
Streptococcus_34255,97.087,Streptococcus n.sp. 27098_8_75
Streptococcus_34255,99.515,Streptococcus n.sp. 20925_1_44
Streptococcus_34255,99.515,Streptococcus n.sp. 27098_8_22
Streptococcus_34255,99.515,Streptococcus n.sp. 27098_8_69
Streptococcus_34255,99.515,Streptococcus n.sp. 27098_8_91
Streptococcus_34255,99.515,Streptococcus n.sp. 20925_1_69
Streptococcus_34255,99.515,Streptococcus n.sp. 27098_8_103
Streptococcus_34255,99.515,Streptococcus n.sp. 27098_8_109
Streptococcus_34255,99.515,Streptococcus n.sp. 27098_8_76
Streptococcus_34255,99.515,Streptococcus mitis 27098_8_87
Streptococcus_34255,99.029,Streptococcus n.sp. 27098_8_23
Streptococcus_34255,99.515,Streptococcus n.sp. 27098_8_51
Streptococcus_34255,99.515,Streptococcus n.sp. 27098_8_70
Streptococcus_34255,97.573,Streptococcus parasanguinis 20925_1_10
Streptococcus_34255,97.573,Streptococcus n.sp. 20925_1_77
Streptococcus_34255,97.573,Streptococcus n.sp. 27098_8_12
Streptococcus_34255,97.573,Streptococcus parasanguinis 20925_1_143
Streptococcus_34255,97.573,Streptococcus n.sp. 27098_8_148
Streptococcus_34255,97.573,Streptococcus parasanguinis 27098_8_150
Streptococcus_34255,97.573,Streptococcus n.sp. 27098_8_177
Streptococcus_34255,97.573,Streptococcus n.sp. 27098_8_186
Streptococcus_34255,97.573,Streptococcus parasanguinis 27098_8_46
Streptococcus_34255,97.573,Streptococcus parasanguinis 27098_8_54
Streptococcus_34255,97.573,Streptococcus n.sp. 27098_8_66
Streptococcus_34255,97.573,Streptococcus n.sp. 27098_8_98
Streptococcus_34255,97.573,Streptococcus n.sp. 27098_8_99
Streptococcus_34255,99.515,Streptococcus pseudopneumoniae 20925_1_26
Streptococcus_34255,97.087,Streptococcus n.sp. 20925_1_22
Streptococcus_34255,97.087,Streptococcus n.sp. 27098_8_134
Streptococcus_34255,97.087,Streptococcus sanguinis 27098_8_181
Streptococcus_34255,97.087,Streptococcus n.sp. 27098_8_82
Streptococcus_34256,99.515,Streptococcus chosunense 27098_8_53
Streptococcus_34256,99.515,Streptococcus n.sp. 27098_8_86
Streptococcus_34256,97.573,Streptococcus n.sp. 27098_8_113
Streptococcus_34256,97.573,Streptococcus n.sp. 27098_8_73
Streptococcus_34256,97.087,Streptococcus gordonii 27098_8_101
Streptococcus_34256,97.087,Streptococcus n.sp. 27098_8_75
Streptococcus_34256,99.515,Streptococcus n.sp. 20925_1_44
Streptococcus_34256,99.515,Streptococcus n.sp. 27098_8_22
Streptococcus_34256,99.515,Streptococcus n.sp. 27098_8_69
Streptococcus_34256,99.515,Streptococcus n.sp. 27098_8_91
Streptococcus_34256,99.515,Streptococcus n.sp. 20925_1_69
Streptococcus_34256,99.515,Streptococcus n.sp. 27098_8_103
Streptococcus_34256,99.515,Streptococcus n.sp. 27098_8_109
Streptococcus_34256,99.515,Streptococcus n.sp. 27098_8_76
Streptococcus_34256,99.515,Streptococcus mitis 27098_8_87
Streptococcus_34256,99.029,Streptococcus n.sp. 27098_8_23
Streptococcus_34256,99.515,Streptococcus n.sp. 27098_8_51
Streptococcus_34256,99.515,Streptococcus n.sp. 27098_8_70
Streptococcus_34256,97.573,Streptococcus parasanguinis 20925_1_10
Streptococcus_34256,97.573,Streptococcus n.sp. 20925_1_77
Streptococcus_34256,97.573,Streptococcus n.sp. 27098_8_12
Streptococcus_34256,97.573,Streptococcus parasanguinis 20925_1_143
Streptococcus_34256,97.573,Streptococcus n.sp. 27098_8_148
Streptococcus_34256,97.573,Streptococcus parasanguinis 27098_8_150
Streptococcus_34256,97.573,Streptococcus n.sp. 27098_8_177
Streptococcus_34256,97.573,Streptococcus n.sp. 27098_8_186
Streptococcus_34256,97.573,Streptococcus parasanguinis 27098_8_46
Streptococcus_34256,97.573,Streptococcus parasanguinis 27098_8_54
Streptococcus_34256,97.573,Streptococcus n.sp. 27098_8_66
Streptococcus_34256,97.573,Streptococcus n.sp. 27098_8_98
Streptococcus_34256,97.573,Streptococcus n.sp. 27098_8_99
Streptococcus_34256,99.515,Streptococcus pseudopneumoniae 20925_1_26
Streptococcus_34256,97.087,Streptococcus n.sp. 20925_1_22
Streptococcus_34256,97.087,Streptococcus n.sp. 27098_8_134
Streptococcus_34256,97.087,Streptococcus sanguinis 27098_8_181
Streptococcus_34256,97.087,Streptococcus n.sp. 27098_8_82
Streptococcus_34257,99.515,Streptococcus chosunense 27098_8_53
Streptococcus_34257,99.515,Streptococcus n.sp. 27098_8_86
Streptococcus_34257,97.573,Streptococcus n.sp. 27098_8_113
Streptococcus_34257,97.573,Streptococcus n.sp. 27098_8_73
Streptococcus_34257,97.087,Streptococcus gordonii 27098_8_101
Streptococcus_34257,97.087,Streptococcus n.sp. 27098_8_75
Streptococcus_34257,99.515,Streptococcus n.sp. 20925_1_44
Streptococcus_34257,99.515,Streptococcus n.sp. 27098_8_22
Streptococcus_34257,99.515,Streptococcus n.sp. 27098_8_69
Streptococcus_34257,99.515,Streptococcus n.sp. 27098_8_91
Streptococcus_34257,99.515,Streptococcus n.sp. 20925_1_69
Streptococcus_34257,99.515,Streptococcus n.sp. 27098_8_103
Streptococcus_34257,99.515,Streptococcus n.sp. 27098_8_109
Streptococcus_34257,99.515,Streptococcus n.sp. 27098_8_76
Streptococcus_34257,99.515,Streptococcus mitis 27098_8_87
Streptococcus_34257,99.029,Streptococcus n.sp. 27098_8_23
Streptococcus_34257,99.515,Streptococcus n.sp. 27098_8_51
Streptococcus_34257,99.515,Streptococcus n.sp. 27098_8_70
Streptococcus_34257,97.573,Streptococcus parasanguinis 20925_1_10
Streptococcus_34257,97.573,Streptococcus n.sp. 20925_1_77
Streptococcus_34257,97.573,Streptococcus n.sp. 27098_8_12
Streptococcus_34257,97.573,Streptococcus parasanguinis 20925_1_143
Streptococcus_34257,97.573,Streptococcus n.sp. 27098_8_148
Streptococcus_34257,97.573,Streptococcus parasanguinis 27098_8_150
Streptococcus_34257,97.573,Streptococcus n.sp. 27098_8_177
Streptococcus_34257,97.573,Streptococcus n.sp. 27098_8_186
Streptococcus_34257,97.573,Streptococcus parasanguinis 27098_8_46
Streptococcus_34257,97.573,Streptococcus parasanguinis 27098_8_54
Streptococcus_34257,97.573,Streptococcus n.sp. 27098_8_66
Streptococcus_34257,97.573,Streptococcus n.sp. 27098_8_98
Streptococcus_34257,97.573,Streptococcus n.sp. 27098_8_99
Streptococcus_34257,99.515,Streptococcus pseudopneumoniae 20925_1_26
Streptococcus_34257,97.087,Streptococcus n.sp. 20925_1_22
Streptococcus_34257,97.087,Streptococcus n.sp. 27098_8_134
Streptococcus_34257,97.087,Streptococcus sanguinis 27098_8_181
Streptococcus_34257,97.087,Streptococcus n.sp. 27098_8_82
Streptococcus_34259,99.029,Streptococcus chosunense 27098_8_53
Streptococcus_34259,99.029,Streptococcus n.sp. 27098_8_86
Streptococcus_34259,95.146,Streptococcus constellatus 20925_1_21
Streptococcus_34259,97.087,Streptococcus n.sp. 27098_8_113
Streptococcus_34259,97.087,Streptococcus n.sp. 27098_8_73
Streptococcus_34259,96.602,Streptococcus gordonii 27098_8_101
Streptococcus_34259,96.602,Streptococcus n.sp. 27098_8_75
Streptococcus_34259,99.029,Streptococcus n.sp. 20925_1_44
Streptococcus_34259,99.029,Streptococcus n.sp. 27098_8_22
Streptococcus_34259,99.029,Streptococcus n.sp. 27098_8_69
Streptococcus_34259,99.029,Streptococcus n.sp. 27098_8_91
Streptococcus_34259,99.029,Streptococcus n.sp. 20925_1_69
Streptococcus_34259,99.029,Streptococcus n.sp. 27098_8_103
Streptococcus_34259,99.029,Streptococcus n.sp. 27098_8_109
Streptococcus_34259,99.029,Streptococcus n.sp. 27098_8_76
Streptococcus_34259,99.029,Streptococcus mitis 27098_8_87
Streptococcus_34259,98.544,Streptococcus n.sp. 27098_8_23
Streptococcus_34259,99.029,Streptococcus n.sp. 27098_8_51
Streptococcus_34259,99.029,Streptococcus n.sp. 27098_8_70
Streptococcus_34259,97.087,Streptococcus parasanguinis 20925_1_10
Streptococcus_34259,97.087,Streptococcus n.sp. 20925_1_77
Streptococcus_34259,97.087,Streptococcus n.sp. 27098_8_12
Streptococcus_34259,97.087,Streptococcus parasanguinis 20925_1_143
Streptococcus_34259,97.087,Streptococcus n.sp. 27098_8_148
Streptococcus_34259,97.087,Streptococcus parasanguinis 27098_8_150
Streptococcus_34259,97.087,Streptococcus n.sp. 27098_8_177
Streptococcus_34259,97.087,Streptococcus n.sp. 27098_8_186
Streptococcus_34259,97.087,Streptococcus parasanguinis 27098_8_46
Streptococcus_34259,97.087,Streptococcus parasanguinis 27098_8_54
Streptococcus_34259,97.087,Streptococcus n.sp. 27098_8_66
Streptococcus_34259,97.087,Streptococcus n.sp. 27098_8_98
Streptococcus_34259,97.087,Streptococcus n.sp. 27098_8_99
Streptococcus_34259,99.029,Streptococcus pseudopneumoniae 20925_1_26
Streptococcus_34259,97.087,Streptococcus n.sp. 20925_1_22
Streptococcus_34259,97.087,Streptococcus n.sp. 27098_8_134
Streptococcus_34259,97.087,Streptococcus sanguinis 27098_8_181
Streptococcus_34259,97.087,Streptococcus n.sp. 27098_8_82
Streptococcus_34260,99.515,Streptococcus chosunense 27098_8_53
Streptococcus_34260,99.515,Streptococcus n.sp. 27098_8_86
Streptococcus_34260,97.573,Streptococcus n.sp. 27098_8_113
Streptococcus_34260,97.573,Streptococcus n.sp. 27098_8_73
Streptococcus_34260,97.087,Streptococcus gordonii 27098_8_101
Streptococcus_34260,97.087,Streptococcus n.sp. 27098_8_75
Streptococcus_34260,99.515,Streptococcus n.sp. 20925_1_44
Streptococcus_34260,99.515,Streptococcus n.sp. 27098_8_22
Streptococcus_34260,99.515,Streptococcus n.sp. 27098_8_69
Streptococcus_34260,99.515,Streptococcus n.sp. 27098_8_91
Streptococcus_34260,99.515,Streptococcus n.sp. 20925_1_69
Streptococcus_34260,99.515,Streptococcus n.sp. 27098_8_103
Streptococcus_34260,99.515,Streptococcus n.sp. 27098_8_109
Streptococcus_34260,99.515,Streptococcus n.sp. 27098_8_76
Streptococcus_34260,99.515,Streptococcus mitis 27098_8_87
Streptococcus_34260,99.029,Streptococcus n.sp. 27098_8_23
Streptococcus_34260,99.515,Streptococcus n.sp. 27098_8_51
Streptococcus_34260,99.515,Streptococcus n.sp. 27098_8_70
Streptococcus_34260,97.573,Streptococcus parasanguinis 20925_1_10
Streptococcus_34260,97.573,Streptococcus n.sp. 20925_1_77
Streptococcus_34260,97.573,Streptococcus n.sp. 27098_8_12
Streptococcus_34260,97.573,Streptococcus parasanguinis 20925_1_143
Streptococcus_34260,97.573,Streptococcus n.sp. 27098_8_148
Streptococcus_34260,97.573,Streptococcus parasanguinis 27098_8_150
Streptococcus_34260,97.573,Streptococcus n.sp. 27098_8_177
Streptococcus_34260,97.573,Streptococcus n.sp. 27098_8_186
Streptococcus_34260,97.573,Streptococcus parasanguinis 27098_8_46
Streptococcus_34260,97.573,Streptococcus parasanguinis 27098_8_54
Streptococcus_34260,97.573,Streptococcus n.sp. 27098_8_66
Streptococcus_34260,97.573,Streptococcus n.sp. 27098_8_98
Streptococcus_34260,97.573,Streptococcus n.sp. 27098_8_99
Streptococcus_34260,99.515,Streptococcus pseudopneumoniae 20925_1_26
Streptococcus_34260,97.087,Streptococcus n.sp. 20925_1_22
Streptococcus_34260,97.087,Streptococcus n.sp. 27098_8_134
Streptococcus_34260,97.087,Streptococcus sanguinis 27098_8_181
Streptococcus_34260,97.087,Streptococcus n.sp. 27098_8_82
Streptococcus_34261,99.515,Streptococcus chosunense 27098_8_53
Streptococcus_34261,99.515,Streptococcus n.sp. 27098_8_86
Streptococcus_34261,97.573,Streptococcus n.sp. 27098_8_113
Streptococcus_34261,97.573,Streptococcus n.sp. 27098_8_73
Streptococcus_34261,97.087,Streptococcus gordonii 27098_8_101
Streptococcus_34261,97.087,Streptococcus n.sp. 27098_8_75
Streptococcus_34261,99.515,Streptococcus n.sp. 20925_1_44
Streptococcus_34261,99.515,Streptococcus n.sp. 27098_8_22
Streptococcus_34261,99.515,Streptococcus n.sp. 27098_8_69
Streptococcus_34261,99.515,Streptococcus n.sp. 27098_8_91
Streptococcus_34261,99.515,Streptococcus n.sp. 20925_1_69
Streptococcus_34261,99.515,Streptococcus n.sp. 27098_8_103
Streptococcus_34261,99.515,Streptococcus n.sp. 27098_8_109
Streptococcus_34261,99.515,Streptococcus n.sp. 27098_8_76
Streptococcus_34261,99.515,Streptococcus mitis 27098_8_87
Streptococcus_34261,99.029,Streptococcus n.sp. 27098_8_23
Streptococcus_34261,99.515,Streptococcus n.sp. 27098_8_51
Streptococcus_34261,99.515,Streptococcus n.sp. 27098_8_70
Streptococcus_34261,97.573,Streptococcus parasanguinis 20925_1_10
Streptococcus_34261,97.573,Streptococcus n.sp. 20925_1_77
Streptococcus_34261,97.573,Streptococcus n.sp. 27098_8_12
Streptococcus_34261,97.573,Streptococcus parasanguinis 20925_1_143
Streptococcus_34261,97.573,Streptococcus n.sp. 27098_8_148
Streptococcus_34261,97.573,Streptococcus parasanguinis 27098_8_150
Streptococcus_34261,97.573,Streptococcus n.sp. 27098_8_177
Streptococcus_34261,97.573,Streptococcus n.sp. 27098_8_186
Streptococcus_34261,97.573,Streptococcus parasanguinis 27098_8_46
Streptococcus_34261,97.573,Streptococcus parasanguinis 27098_8_54
Streptococcus_34261,97.573,Streptococcus n.sp. 27098_8_66
Streptococcus_34261,97.573,Streptococcus n.sp. 27098_8_98
Streptococcus_34261,97.573,Streptococcus n.sp. 27098_8_99
Streptococcus_34261,99.515,Streptococcus pseudopneumoniae 20925_1_26
Streptococcus_34261,97.087,Streptococcus n.sp. 20925_1_22
Streptococcus_34261,97.087,Streptococcus n.sp. 27098_8_134
Streptococcus_34261,97.087,Streptococcus sanguinis 27098_8_181
Streptococcus_34261,97.087,Streptococcus n.sp. 27098_8_82
Streptococcus_34269,99.515,Streptococcus chosunense 27098_8_53
Streptococcus_34269,99.515,Streptococcus n.sp. 27098_8_86
Streptococcus_34269,97.573,Streptococcus n.sp. 27098_8_113
Streptococcus_34269,97.573,Streptococcus n.sp. 27098_8_73
Streptococcus_34269,97.087,Streptococcus gordonii 27098_8_101
Streptococcus_34269,97.087,Streptococcus n.sp. 27098_8_75
Streptococcus_34269,99.515,Streptococcus n.sp. 20925_1_44
Streptococcus_34269,99.515,Streptococcus n.sp. 27098_8_22
Streptococcus_34269,99.515,Streptococcus n.sp. 27098_8_69
Streptococcus_34269,99.515,Streptococcus n.sp. 27098_8_91
Streptococcus_34269,99.515,Streptococcus n.sp. 20925_1_69
Streptococcus_34269,99.515,Streptococcus n.sp. 27098_8_103
Streptococcus_34269,99.515,Streptococcus n.sp. 27098_8_109
Streptococcus_34269,99.515,Streptococcus n.sp. 27098_8_76
Streptococcus_34269,99.515,Streptococcus mitis 27098_8_87
Streptococcus_34269,99.029,Streptococcus n.sp. 27098_8_23
Streptococcus_34269,99.515,Streptococcus n.sp. 27098_8_51
Streptococcus_34269,99.515,Streptococcus n.sp. 27098_8_70
Streptococcus_34269,97.573,Streptococcus parasanguinis 20925_1_10
Streptococcus_34269,97.573,Streptococcus n.sp. 20925_1_77
Streptococcus_34269,97.573,Streptococcus n.sp. 27098_8_12
Streptococcus_34269,97.573,Streptococcus parasanguinis 20925_1_143
Streptococcus_34269,97.573,Streptococcus n.sp. 27098_8_148
Streptococcus_34269,97.573,Streptococcus parasanguinis 27098_8_150
Streptococcus_34269,97.573,Streptococcus n.sp. 27098_8_177
Streptococcus_34269,97.573,Streptococcus n.sp. 27098_8_186
Streptococcus_34269,97.573,Streptococcus parasanguinis 27098_8_46
Streptococcus_34269,97.573,Streptococcus parasanguinis 27098_8_54
Streptococcus_34269,97.573,Streptococcus n.sp. 27098_8_66
Streptococcus_34269,97.573,Streptococcus n.sp. 27098_8_98
Streptococcus_34269,97.573,Streptococcus n.sp. 27098_8_99
Streptococcus_34269,99.515,Streptococcus pseudopneumoniae 20925_1_26
Streptococcus_34269,97.087,Streptococcus n.sp. 20925_1_22
Streptococcus_34269,97.087,Streptococcus n.sp. 27098_8_134
Streptococcus_34269,97.087,Streptococcus sanguinis 27098_8_181
Streptococcus_34269,97.087,Streptococcus n.sp. 27098_8_82
Streptococcus_34271,99.515,Streptococcus chosunense 27098_8_53
Streptococcus_34271,99.515,Streptococcus n.sp. 27098_8_86
Streptococcus_34271,97.573,Streptococcus n.sp. 27098_8_113
Streptococcus_34271,97.573,Streptococcus n.sp. 27098_8_73
Streptococcus_34271,97.087,Streptococcus gordonii 27098_8_101
Streptococcus_34271,97.087,Streptococcus n.sp. 27098_8_75
Streptococcus_34271,99.515,Streptococcus n.sp. 20925_1_44
Streptococcus_34271,99.515,Streptococcus n.sp. 27098_8_22
Streptococcus_34271,99.515,Streptococcus n.sp. 27098_8_69
Streptococcus_34271,99.515,Streptococcus n.sp. 27098_8_91
Streptococcus_34271,99.515,Streptococcus n.sp. 20925_1_69
Streptococcus_34271,99.515,Streptococcus n.sp. 27098_8_103
Streptococcus_34271,99.515,Streptococcus n.sp. 27098_8_109
Streptococcus_34271,99.515,Streptococcus n.sp. 27098_8_76
Streptococcus_34271,99.515,Streptococcus mitis 27098_8_87
Streptococcus_34271,99.029,Streptococcus n.sp. 27098_8_23
Streptococcus_34271,99.515,Streptococcus n.sp. 27098_8_51
Streptococcus_34271,99.515,Streptococcus n.sp. 27098_8_70
Streptococcus_34271,97.573,Streptococcus parasanguinis 20925_1_10
Streptococcus_34271,97.573,Streptococcus n.sp. 20925_1_77
Streptococcus_34271,97.573,Streptococcus n.sp. 27098_8_12
Streptococcus_34271,97.573,Streptococcus parasanguinis 20925_1_143
Streptococcus_34271,97.573,Streptococcus n.sp. 27098_8_148
Streptococcus_34271,97.573,Streptococcus parasanguinis 27098_8_150
Streptococcus_34271,97.573,Streptococcus n.sp. 27098_8_177
Streptococcus_34271,97.573,Streptococcus n.sp. 27098_8_186
Streptococcus_34271,97.573,Streptococcus parasanguinis 27098_8_46
Streptococcus_34271,97.573,Streptococcus parasanguinis 27098_8_54
Streptococcus_34271,97.573,Streptococcus n.sp. 27098_8_66
Streptococcus_34271,97.573,Streptococcus n.sp. 27098_8_98
Streptococcus_34271,97.573,Streptococcus n.sp. 27098_8_99
Streptococcus_34271,99.515,Streptococcus pseudopneumoniae 20925_1_26
Streptococcus_34271,97.087,Streptococcus n.sp. 20925_1_22
Streptococcus_34271,97.087,Streptococcus n.sp. 27098_8_134
Streptococcus_34271,97.087,Streptococcus sanguinis 27098_8_181
Streptococcus_34271,97.087,Streptococcus n.sp. 27098_8_82
Streptococcus_34272,99.515,Streptococcus chosunense 27098_8_53
Streptococcus_34272,99.515,Streptococcus n.sp. 27098_8_86
Streptococcus_34272,97.573,Streptococcus n.sp. 27098_8_113
Streptococcus_34272,97.573,Streptococcus n.sp. 27098_8_73
Streptococcus_34272,97.087,Streptococcus gordonii 27098_8_101
Streptococcus_34272,97.087,Streptococcus n.sp. 27098_8_75
Streptococcus_34272,99.515,Streptococcus n.sp. 20925_1_44
Streptococcus_34272,99.515,Streptococcus n.sp. 27098_8_22
Streptococcus_34272,99.515,Streptococcus n.sp. 27098_8_69
Streptococcus_34272,99.515,Streptococcus n.sp. 27098_8_91
Streptococcus_34272,99.515,Streptococcus n.sp. 20925_1_69
Streptococcus_34272,99.515,Streptococcus n.sp. 27098_8_103
Streptococcus_34272,99.515,Streptococcus n.sp. 27098_8_109
Streptococcus_34272,99.515,Streptococcus n.sp. 27098_8_76
Streptococcus_34272,99.515,Streptococcus mitis 27098_8_87
Streptococcus_34272,99.029,Streptococcus n.sp. 27098_8_23
Streptococcus_34272,99.515,Streptococcus n.sp. 27098_8_51
Streptococcus_34272,99.515,Streptococcus n.sp. 27098_8_70
Streptococcus_34272,97.573,Streptococcus parasanguinis 20925_1_10
Streptococcus_34272,97.573,Streptococcus n.sp. 20925_1_77
Streptococcus_34272,97.573,Streptococcus n.sp. 27098_8_12
Streptococcus_34272,97.573,Streptococcus parasanguinis 20925_1_143
Streptococcus_34272,97.573,Streptococcus n.sp. 27098_8_148
Streptococcus_34272,97.573,Streptococcus parasanguinis 27098_8_150
Streptococcus_34272,97.573,Streptococcus n.sp. 27098_8_177
Streptococcus_34272,97.573,Streptococcus n.sp. 27098_8_186
Streptococcus_34272,97.573,Streptococcus parasanguinis 27098_8_46
Streptococcus_34272,97.573,Streptococcus parasanguinis 27098_8_54
Streptococcus_34272,97.573,Streptococcus n.sp. 27098_8_66
Streptococcus_34272,97.573,Streptococcus n.sp. 27098_8_98
Streptococcus_34272,97.573,Streptococcus n.sp. 27098_8_99
Streptococcus_34272,99.515,Streptococcus pseudopneumoniae 20925_1_26
Streptococcus_34272,95.631,Streptococcus salivarius 20925_1_11
Streptococcus_34272,95.631,Streptococcus salivarius 20925_1_13
Streptococcus_34272,95.631,Streptococcus salivarius 27098_8_110
Streptococcus_34272,95.631,Streptococcus salivarius 27098_8_117
Streptococcus_34272,95.631,Streptococcus salivarius 27098_8_119
Streptococcus_34272,95.631,Streptococcus salivarius 27098_8_152
Streptococcus_34272,95.631,Streptococcus salivarius 27098_8_153
Streptococcus_34272,95.631,Streptococcus n.sp. 27098_8_74
Streptococcus_34272,97.087,Streptococcus n.sp. 20925_1_22
Streptococcus_34272,97.087,Streptococcus n.sp. 27098_8_134
Streptococcus_34272,97.087,Streptococcus sanguinis 27098_8_181
Streptococcus_34272,97.087,Streptococcus n.sp. 27098_8_82
Streptococcus_34279,99.515,Streptococcus chosunense 27098_8_53
Streptococcus_34279,99.515,Streptococcus n.sp. 27098_8_86
Streptococcus_34279,97.573,Streptococcus n.sp. 27098_8_113
Streptococcus_34279,97.573,Streptococcus n.sp. 27098_8_73
Streptococcus_34279,97.087,Streptococcus gordonii 27098_8_101
Streptococcus_34279,97.087,Streptococcus n.sp. 27098_8_75
Streptococcus_34279,99.515,Streptococcus n.sp. 20925_1_44
Streptococcus_34279,99.515,Streptococcus n.sp. 27098_8_22
Streptococcus_34279,99.515,Streptococcus n.sp. 27098_8_69
Streptococcus_34279,99.515,Streptococcus n.sp. 27098_8_91
Streptococcus_34279,99.515,Streptococcus n.sp. 20925_1_69
Streptococcus_34279,99.515,Streptococcus n.sp. 27098_8_103
Streptococcus_34279,99.515,Streptococcus n.sp. 27098_8_109
Streptococcus_34279,99.515,Streptococcus n.sp. 27098_8_76
Streptococcus_34279,99.515,Streptococcus mitis 27098_8_87
Streptococcus_34279,99.029,Streptococcus n.sp. 27098_8_23
Streptococcus_34279,99.515,Streptococcus n.sp. 27098_8_51
Streptococcus_34279,99.515,Streptococcus n.sp. 27098_8_70
Streptococcus_34279,97.573,Streptococcus parasanguinis 20925_1_10
Streptococcus_34279,97.573,Streptococcus n.sp. 20925_1_77
Streptococcus_34279,97.573,Streptococcus n.sp. 27098_8_12
Streptococcus_34279,97.573,Streptococcus parasanguinis 20925_1_143
Streptococcus_34279,97.573,Streptococcus n.sp. 27098_8_148
Streptococcus_34279,97.573,Streptococcus parasanguinis 27098_8_150
Streptococcus_34279,97.573,Streptococcus n.sp. 27098_8_177
Streptococcus_34279,97.573,Streptococcus n.sp. 27098_8_186
Streptococcus_34279,97.573,Streptococcus parasanguinis 27098_8_46
Streptococcus_34279,97.573,Streptococcus parasanguinis 27098_8_54
Streptococcus_34279,97.573,Streptococcus n.sp. 27098_8_66
Streptococcus_34279,97.573,Streptococcus n.sp. 27098_8_98
Streptococcus_34279,97.573,Streptococcus n.sp. 27098_8_99
Streptococcus_34279,99.515,Streptococcus pseudopneumoniae 20925_1_26
Streptococcus_34279,97.087,Streptococcus n.sp. 20925_1_22
Streptococcus_34279,97.087,Streptococcus n.sp. 27098_8_134
Streptococcus_34279,97.087,Streptococcus sanguinis 27098_8_181
Streptococcus_34279,97.087,Streptococcus n.sp. 27098_8_82
Streptococcus_34282,99.515,Streptococcus chosunense 27098_8_53
Streptococcus_34282,99.515,Streptococcus n.sp. 27098_8_86
Streptococcus_34282,97.573,Streptococcus n.sp. 27098_8_113
Streptococcus_34282,97.573,Streptococcus n.sp. 27098_8_73
Streptococcus_34282,97.087,Streptococcus gordonii 27098_8_101
Streptococcus_34282,97.087,Streptococcus n.sp. 27098_8_75
Streptococcus_34282,99.515,Streptococcus n.sp. 20925_1_44
Streptococcus_34282,99.515,Streptococcus n.sp. 27098_8_22
Streptococcus_34282,99.515,Streptococcus n.sp. 27098_8_69
Streptococcus_34282,99.515,Streptococcus n.sp. 27098_8_91
Streptococcus_34282,99.515,Streptococcus n.sp. 20925_1_69
Streptococcus_34282,99.515,Streptococcus n.sp. 27098_8_103
Streptococcus_34282,99.515,Streptococcus n.sp. 27098_8_109
Streptococcus_34282,99.515,Streptococcus n.sp. 27098_8_76
Streptococcus_34282,99.515,Streptococcus mitis 27098_8_87
Streptococcus_34282,99.029,Streptococcus n.sp. 27098_8_23
Streptococcus_34282,99.515,Streptococcus n.sp. 27098_8_51
Streptococcus_34282,99.515,Streptococcus n.sp. 27098_8_70
Streptococcus_34282,97.573,Streptococcus parasanguinis 20925_1_10
Streptococcus_34282,97.573,Streptococcus n.sp. 20925_1_77
Streptococcus_34282,97.573,Streptococcus n.sp. 27098_8_12
Streptococcus_34282,97.573,Streptococcus parasanguinis 20925_1_143
Streptococcus_34282,97.573,Streptococcus n.sp. 27098_8_148
Streptococcus_34282,97.573,Streptococcus parasanguinis 27098_8_150
Streptococcus_34282,97.573,Streptococcus n.sp. 27098_8_177
Streptococcus_34282,97.573,Streptococcus n.sp. 27098_8_186
Streptococcus_34282,97.573,Streptococcus parasanguinis 27098_8_46
Streptococcus_34282,97.573,Streptococcus parasanguinis 27098_8_54
Streptococcus_34282,97.573,Streptococcus n.sp. 27098_8_66
Streptococcus_34282,97.573,Streptococcus n.sp. 27098_8_98
Streptococcus_34282,97.573,Streptococcus n.sp. 27098_8_99
Streptococcus_34282,99.515,Streptococcus pseudopneumoniae 20925_1_26
Streptococcus_34282,97.087,Streptococcus n.sp. 20925_1_22
Streptococcus_34282,97.087,Streptococcus n.sp. 27098_8_134
Streptococcus_34282,97.087,Streptococcus sanguinis 27098_8_181
Streptococcus_34282,97.087,Streptococcus n.sp. 27098_8_82
Streptococcus_34283,99.515,Streptococcus chosunense 27098_8_53
Streptococcus_34283,99.515,Streptococcus n.sp. 27098_8_86
Streptococcus_34283,97.573,Streptococcus n.sp. 27098_8_113
Streptococcus_34283,97.573,Streptococcus n.sp. 27098_8_73
Streptococcus_34283,97.087,Streptococcus gordonii 27098_8_101
Streptococcus_34283,97.087,Streptococcus n.sp. 27098_8_75
Streptococcus_34283,99.515,Streptococcus n.sp. 20925_1_44
Streptococcus_34283,99.515,Streptococcus n.sp. 27098_8_22
Streptococcus_34283,99.515,Streptococcus n.sp. 27098_8_69
Streptococcus_34283,99.515,Streptococcus n.sp. 27098_8_91
Streptococcus_34283,99.515,Streptococcus n.sp. 20925_1_69
Streptococcus_34283,99.515,Streptococcus n.sp. 27098_8_103
Streptococcus_34283,99.515,Streptococcus n.sp. 27098_8_109
Streptococcus_34283,99.515,Streptococcus n.sp. 27098_8_76
Streptococcus_34283,99.515,Streptococcus mitis 27098_8_87
Streptococcus_34283,99.029,Streptococcus n.sp. 27098_8_23
Streptococcus_34283,99.515,Streptococcus n.sp. 27098_8_51
Streptococcus_34283,99.515,Streptococcus n.sp. 27098_8_70
Streptococcus_34283,97.573,Streptococcus parasanguinis 20925_1_10
Streptococcus_34283,97.573,Streptococcus n.sp. 20925_1_77
Streptococcus_34283,97.573,Streptococcus n.sp. 27098_8_12
Streptococcus_34283,97.573,Streptococcus parasanguinis 20925_1_143
Streptococcus_34283,97.573,Streptococcus n.sp. 27098_8_148
Streptococcus_34283,97.573,Streptococcus parasanguinis 27098_8_150
Streptococcus_34283,97.573,Streptococcus n.sp. 27098_8_177
Streptococcus_34283,97.573,Streptococcus n.sp. 27098_8_186
Streptococcus_34283,97.573,Streptococcus parasanguinis 27098_8_46
Streptococcus_34283,97.573,Streptococcus parasanguinis 27098_8_54
Streptococcus_34283,97.573,Streptococcus n.sp. 27098_8_66
Streptococcus_34283,97.573,Streptococcus n.sp. 27098_8_98
Streptococcus_34283,97.573,Streptococcus n.sp. 27098_8_99
Streptococcus_34283,99.515,Streptococcus pseudopneumoniae 20925_1_26
Streptococcus_34283,97.087,Streptococcus n.sp. 20925_1_22
Streptococcus_34283,97.087,Streptococcus n.sp. 27098_8_134
Streptococcus_34283,97.087,Streptococcus sanguinis 27098_8_181
Streptococcus_34283,97.087,Streptococcus n.sp. 27098_8_82
Streptococcus_34286,99.515,Streptococcus chosunense 27098_8_53
Streptococcus_34286,99.515,Streptococcus n.sp. 27098_8_86
Streptococcus_34286,97.573,Streptococcus n.sp. 27098_8_113
Streptococcus_34286,97.573,Streptococcus n.sp. 27098_8_73
Streptococcus_34286,97.087,Streptococcus gordonii 27098_8_101
Streptococcus_34286,97.087,Streptococcus n.sp. 27098_8_75
Streptococcus_34286,99.515,Streptococcus n.sp. 20925_1_44
Streptococcus_34286,99.515,Streptococcus n.sp. 27098_8_22
Streptococcus_34286,99.515,Streptococcus n.sp. 27098_8_69
Streptococcus_34286,99.515,Streptococcus n.sp. 27098_8_91
Streptococcus_34286,99.515,Streptococcus n.sp. 20925_1_69
Streptococcus_34286,99.515,Streptococcus n.sp. 27098_8_103
Streptococcus_34286,99.515,Streptococcus n.sp. 27098_8_109
Streptococcus_34286,99.515,Streptococcus n.sp. 27098_8_76
Streptococcus_34286,99.515,Streptococcus mitis 27098_8_87
Streptococcus_34286,99.029,Streptococcus n.sp. 27098_8_23
Streptococcus_34286,99.515,Streptococcus n.sp. 27098_8_51
Streptococcus_34286,99.515,Streptococcus n.sp. 27098_8_70
Streptococcus_34286,97.573,Streptococcus parasanguinis 20925_1_10
Streptococcus_34286,97.573,Streptococcus n.sp. 20925_1_77
Streptococcus_34286,97.573,Streptococcus n.sp. 27098_8_12
Streptococcus_34286,97.573,Streptococcus parasanguinis 20925_1_143
Streptococcus_34286,97.573,Streptococcus n.sp. 27098_8_148
Streptococcus_34286,97.573,Streptococcus parasanguinis 27098_8_150
Streptococcus_34286,97.573,Streptococcus n.sp. 27098_8_177
Streptococcus_34286,97.573,Streptococcus n.sp. 27098_8_186
Streptococcus_34286,97.573,Streptococcus parasanguinis 27098_8_46
Streptococcus_34286,97.573,Streptococcus parasanguinis 27098_8_54
Streptococcus_34286,97.573,Streptococcus n.sp. 27098_8_66
Streptococcus_34286,97.573,Streptococcus n.sp. 27098_8_98
Streptococcus_34286,97.573,Streptococcus n.sp. 27098_8_99
Streptococcus_34286,99.515,Streptococcus pseudopneumoniae 20925_1_26
Streptococcus_34286,97.087,Streptococcus n.sp. 20925_1_22
Streptococcus_34286,97.087,Streptococcus n.sp. 27098_8_134
Streptococcus_34286,97.087,Streptococcus sanguinis 27098_8_181
Streptococcus_34286,97.087,Streptococcus n.sp. 27098_8_82
Streptococcus_34291,99.515,Streptococcus chosunense 27098_8_53
Streptococcus_34291,99.515,Streptococcus n.sp. 27098_8_86
Streptococcus_34291,95.146,Streptococcus constellatus 20925_1_21
Streptococcus_34291,97.573,Streptococcus n.sp. 27098_8_113
Streptococcus_34291,97.573,Streptococcus n.sp. 27098_8_73
Streptococcus_34291,97.087,Streptococcus gordonii 27098_8_101
Streptococcus_34291,97.087,Streptococcus n.sp. 27098_8_75
Streptococcus_34291,99.515,Streptococcus n.sp. 20925_1_44
Streptococcus_34291,99.515,Streptococcus n.sp. 27098_8_22
Streptococcus_34291,99.515,Streptococcus n.sp. 27098_8_69
Streptococcus_34291,99.515,Streptococcus n.sp. 27098_8_91
Streptococcus_34291,99.515,Streptococcus n.sp. 20925_1_69
Streptococcus_34291,99.515,Streptococcus n.sp. 27098_8_103
Streptococcus_34291,99.515,Streptococcus n.sp. 27098_8_109
Streptococcus_34291,99.515,Streptococcus n.sp. 27098_8_76
Streptococcus_34291,99.515,Streptococcus mitis 27098_8_87
Streptococcus_34291,99.029,Streptococcus n.sp. 27098_8_23
Streptococcus_34291,99.515,Streptococcus n.sp. 27098_8_51
Streptococcus_34291,99.515,Streptococcus n.sp. 27098_8_70
Streptococcus_34291,97.573,Streptococcus parasanguinis 20925_1_10
Streptococcus_34291,97.573,Streptococcus n.sp. 20925_1_77
Streptococcus_34291,97.573,Streptococcus n.sp. 27098_8_12
Streptococcus_34291,97.573,Streptococcus parasanguinis 20925_1_143
Streptococcus_34291,97.573,Streptococcus n.sp. 27098_8_148
Streptococcus_34291,97.573,Streptococcus parasanguinis 27098_8_150
Streptococcus_34291,97.573,Streptococcus n.sp. 27098_8_177
Streptococcus_34291,97.573,Streptococcus n.sp. 27098_8_186
Streptococcus_34291,97.573,Streptococcus parasanguinis 27098_8_46
Streptococcus_34291,97.573,Streptococcus parasanguinis 27098_8_54
Streptococcus_34291,97.573,Streptococcus n.sp. 27098_8_66
Streptococcus_34291,97.573,Streptococcus n.sp. 27098_8_98
Streptococcus_34291,97.573,Streptococcus n.sp. 27098_8_99
Streptococcus_34291,99.515,Streptococcus pseudopneumoniae 20925_1_26
Streptococcus_34291,97.087,Streptococcus n.sp. 20925_1_22
Streptococcus_34291,97.087,Streptococcus n.sp. 27098_8_134
Streptococcus_34291,97.087,Streptococcus sanguinis 27098_8_181
Streptococcus_34291,97.087,Streptococcus n.sp. 27098_8_82
Streptococcus_34296,99.515,Streptococcus chosunense 27098_8_53
Streptococcus_34296,99.515,Streptococcus n.sp. 27098_8_86
Streptococcus_34296,97.573,Streptococcus n.sp. 27098_8_113
Streptococcus_34296,97.573,Streptococcus n.sp. 27098_8_73
Streptococcus_34296,97.087,Streptococcus gordonii 27098_8_101
Streptococcus_34296,97.087,Streptococcus n.sp. 27098_8_75
Streptococcus_34296,99.515,Streptococcus n.sp. 20925_1_44
Streptococcus_34296,99.515,Streptococcus n.sp. 27098_8_22
Streptococcus_34296,99.515,Streptococcus n.sp. 27098_8_69
Streptococcus_34296,99.515,Streptococcus n.sp. 27098_8_91
Streptococcus_34296,99.515,Streptococcus n.sp. 20925_1_69
Streptococcus_34296,99.515,Streptococcus n.sp. 27098_8_103
Streptococcus_34296,99.515,Streptococcus n.sp. 27098_8_109
Streptococcus_34296,99.515,Streptococcus n.sp. 27098_8_76
Streptococcus_34296,99.515,Streptococcus mitis 27098_8_87
Streptococcus_34296,99.029,Streptococcus n.sp. 27098_8_23
Streptococcus_34296,99.515,Streptococcus n.sp. 27098_8_51
Streptococcus_34296,99.515,Streptococcus n.sp. 27098_8_70
Streptococcus_34296,97.573,Streptococcus parasanguinis 20925_1_10
Streptococcus_34296,97.573,Streptococcus n.sp. 20925_1_77
Streptococcus_34296,97.573,Streptococcus n.sp. 27098_8_12
Streptococcus_34296,97.573,Streptococcus parasanguinis 20925_1_143
Streptococcus_34296,97.573,Streptococcus n.sp. 27098_8_148
Streptococcus_34296,97.573,Streptococcus parasanguinis 27098_8_150
Streptococcus_34296,97.573,Streptococcus n.sp. 27098_8_177
Streptococcus_34296,97.573,Streptococcus n.sp. 27098_8_186
Streptococcus_34296,97.573,Streptococcus parasanguinis 27098_8_46
Streptococcus_34296,97.573,Streptococcus parasanguinis 27098_8_54
Streptococcus_34296,97.573,Streptococcus n.sp. 27098_8_66
Streptococcus_34296,97.573,Streptococcus n.sp. 27098_8_98
Streptococcus_34296,97.573,Streptococcus n.sp. 27098_8_99
Streptococcus_34296,99.515,Streptococcus pseudopneumoniae 20925_1_26
Streptococcus_34296,97.087,Streptococcus n.sp. 20925_1_22
Streptococcus_34296,97.087,Streptococcus n.sp. 27098_8_134
Streptococcus_34296,97.087,Streptococcus sanguinis 27098_8_181
Streptococcus_34296,97.087,Streptococcus n.sp. 27098_8_82
Streptococcus_34301,99.515,Streptococcus chosunense 27098_8_53
Streptococcus_34301,99.515,Streptococcus n.sp. 27098_8_86
Streptococcus_34301,97.573,Streptococcus n.sp. 27098_8_113
Streptococcus_34301,97.573,Streptococcus n.sp. 27098_8_73
Streptococcus_34301,97.087,Streptococcus gordonii 27098_8_101
Streptococcus_34301,97.087,Streptococcus n.sp. 27098_8_75
Streptococcus_34301,99.515,Streptococcus n.sp. 20925_1_44
Streptococcus_34301,99.515,Streptococcus n.sp. 27098_8_22
Streptococcus_34301,99.515,Streptococcus n.sp. 27098_8_69
Streptococcus_34301,99.515,Streptococcus n.sp. 27098_8_91
Streptococcus_34301,99.515,Streptococcus n.sp. 20925_1_69
Streptococcus_34301,99.515,Streptococcus n.sp. 27098_8_103
Streptococcus_34301,99.515,Streptococcus n.sp. 27098_8_109
Streptococcus_34301,99.515,Streptococcus n.sp. 27098_8_76
Streptococcus_34301,99.515,Streptococcus mitis 27098_8_87
Streptococcus_34301,99.029,Streptococcus n.sp. 27098_8_23
Streptococcus_34301,99.515,Streptococcus n.sp. 27098_8_51
Streptococcus_34301,99.515,Streptococcus n.sp. 27098_8_70
Streptococcus_34301,97.573,Streptococcus parasanguinis 20925_1_10
Streptococcus_34301,97.573,Streptococcus n.sp. 20925_1_77
Streptococcus_34301,97.573,Streptococcus n.sp. 27098_8_12
Streptococcus_34301,97.573,Streptococcus parasanguinis 20925_1_143
Streptococcus_34301,97.573,Streptococcus n.sp. 27098_8_148
Streptococcus_34301,97.573,Streptococcus parasanguinis 27098_8_150
Streptococcus_34301,97.573,Streptococcus n.sp. 27098_8_177
Streptococcus_34301,97.573,Streptococcus n.sp. 27098_8_186
Streptococcus_34301,97.573,Streptococcus parasanguinis 27098_8_46
Streptococcus_34301,97.573,Streptococcus parasanguinis 27098_8_54
Streptococcus_34301,97.573,Streptococcus n.sp. 27098_8_66
Streptococcus_34301,97.573,Streptococcus n.sp. 27098_8_98
Streptococcus_34301,97.573,Streptococcus n.sp. 27098_8_99
Streptococcus_34301,99.515,Streptococcus pseudopneumoniae 20925_1_26
Streptococcus_34301,97.087,Streptococcus n.sp. 20925_1_22
Streptococcus_34301,97.087,Streptococcus n.sp. 27098_8_134
Streptococcus_34301,97.087,Streptococcus sanguinis 27098_8_181
Streptococcus_34301,97.087,Streptococcus n.sp. 27098_8_82
Streptococcus_34302,99.515,Streptococcus chosunense 27098_8_53
Streptococcus_34302,99.515,Streptococcus n.sp. 27098_8_86
Streptococcus_34302,97.573,Streptococcus n.sp. 27098_8_113
Streptococcus_34302,97.573,Streptococcus n.sp. 27098_8_73
Streptococcus_34302,97.087,Streptococcus gordonii 27098_8_101
Streptococcus_34302,97.087,Streptococcus n.sp. 27098_8_75
Streptococcus_34302,99.515,Streptococcus n.sp. 20925_1_44
Streptococcus_34302,99.515,Streptococcus n.sp. 27098_8_22
Streptococcus_34302,99.515,Streptococcus n.sp. 27098_8_69
Streptococcus_34302,99.515,Streptococcus n.sp. 27098_8_91
Streptococcus_34302,99.515,Streptococcus n.sp. 20925_1_69
Streptococcus_34302,99.515,Streptococcus n.sp. 27098_8_103
Streptococcus_34302,99.515,Streptococcus n.sp. 27098_8_109
Streptococcus_34302,99.515,Streptococcus n.sp. 27098_8_76
Streptococcus_34302,99.515,Streptococcus mitis 27098_8_87
Streptococcus_34302,99.029,Streptococcus n.sp. 27098_8_23
Streptococcus_34302,99.515,Streptococcus n.sp. 27098_8_51
Streptococcus_34302,99.515,Streptococcus n.sp. 27098_8_70
Streptococcus_34302,97.573,Streptococcus parasanguinis 20925_1_10
Streptococcus_34302,97.573,Streptococcus n.sp. 20925_1_77
Streptococcus_34302,97.573,Streptococcus n.sp. 27098_8_12
Streptococcus_34302,97.573,Streptococcus parasanguinis 20925_1_143
Streptococcus_34302,97.573,Streptococcus n.sp. 27098_8_148
Streptococcus_34302,97.573,Streptococcus parasanguinis 27098_8_150
Streptococcus_34302,97.573,Streptococcus n.sp. 27098_8_177
Streptococcus_34302,97.573,Streptococcus n.sp. 27098_8_186
Streptococcus_34302,97.573,Streptococcus parasanguinis 27098_8_46
Streptococcus_34302,97.573,Streptococcus parasanguinis 27098_8_54
Streptococcus_34302,97.573,Streptococcus n.sp. 27098_8_66
Streptococcus_34302,97.573,Streptococcus n.sp. 27098_8_98
Streptococcus_34302,97.573,Streptococcus n.sp. 27098_8_99
Streptococcus_34302,99.515,Streptococcus pseudopneumoniae 20925_1_26
Streptococcus_34302,97.087,Streptococcus n.sp. 20925_1_22
Streptococcus_34302,97.087,Streptococcus n.sp. 27098_8_134
Streptococcus_34302,97.087,Streptococcus sanguinis 27098_8_181
Streptococcus_34302,97.087,Streptococcus n.sp. 27098_8_82
Streptococcus_34315,99.515,Streptococcus chosunense 27098_8_53
Streptococcus_34315,99.515,Streptococcus n.sp. 27098_8_86
Streptococcus_34315,97.573,Streptococcus n.sp. 27098_8_113
Streptococcus_34315,97.573,Streptococcus n.sp. 27098_8_73
Streptococcus_34315,97.087,Streptococcus gordonii 27098_8_101
Streptococcus_34315,97.087,Streptococcus n.sp. 27098_8_75
Streptococcus_34315,99.515,Streptococcus n.sp. 20925_1_44
Streptococcus_34315,99.515,Streptococcus n.sp. 27098_8_22
Streptococcus_34315,99.515,Streptococcus n.sp. 27098_8_69
Streptococcus_34315,99.515,Streptococcus n.sp. 27098_8_91
Streptococcus_34315,99.515,Streptococcus n.sp. 20925_1_69
Streptococcus_34315,99.515,Streptococcus n.sp. 27098_8_103
Streptococcus_34315,99.515,Streptococcus n.sp. 27098_8_109
Streptococcus_34315,99.515,Streptococcus n.sp. 27098_8_76
Streptococcus_34315,99.515,Streptococcus mitis 27098_8_87
Streptococcus_34315,99.029,Streptococcus n.sp. 27098_8_23
Streptococcus_34315,99.515,Streptococcus n.sp. 27098_8_51
Streptococcus_34315,99.515,Streptococcus n.sp. 27098_8_70
Streptococcus_34315,97.573,Streptococcus parasanguinis 20925_1_10
Streptococcus_34315,97.573,Streptococcus n.sp. 20925_1_77
Streptococcus_34315,97.573,Streptococcus n.sp. 27098_8_12
Streptococcus_34315,97.573,Streptococcus parasanguinis 20925_1_143
Streptococcus_34315,97.573,Streptococcus n.sp. 27098_8_148
Streptococcus_34315,97.573,Streptococcus parasanguinis 27098_8_150
Streptococcus_34315,97.573,Streptococcus n.sp. 27098_8_177
Streptococcus_34315,97.573,Streptococcus n.sp. 27098_8_186
Streptococcus_34315,97.573,Streptococcus parasanguinis 27098_8_46
Streptococcus_34315,97.573,Streptococcus parasanguinis 27098_8_54
Streptococcus_34315,97.573,Streptococcus n.sp. 27098_8_66
Streptococcus_34315,97.573,Streptococcus n.sp. 27098_8_98
Streptococcus_34315,97.573,Streptococcus n.sp. 27098_8_99
Streptococcus_34315,99.515,Streptococcus pseudopneumoniae 20925_1_26
Streptococcus_34315,97.087,Streptococcus n.sp. 20925_1_22
Streptococcus_34315,97.087,Streptococcus n.sp. 27098_8_134
Streptococcus_34315,97.087,Streptococcus sanguinis 27098_8_181
Streptococcus_34315,97.087,Streptococcus n.sp. 27098_8_82
Streptococcus_34350,,no_isolate
Streptococcus_34354,99.029,Streptococcus chosunense 27098_8_53
Streptococcus_34354,99.029,Streptococcus n.sp. 27098_8_86
Streptococcus_34354,95.146,Streptococcus constellatus 20925_1_21
Streptococcus_34354,97.087,Streptococcus n.sp. 27098_8_113
Streptococcus_34354,97.087,Streptococcus n.sp. 27098_8_73
Streptococcus_34354,96.602,Streptococcus gordonii 27098_8_101
Streptococcus_34354,96.602,Streptococcus n.sp. 27098_8_75
Streptococcus_34354,99.029,Streptococcus n.sp. 20925_1_44
Streptococcus_34354,99.029,Streptococcus n.sp. 27098_8_22
Streptococcus_34354,99.029,Streptococcus n.sp. 27098_8_69
Streptococcus_34354,99.029,Streptococcus n.sp. 27098_8_91
Streptococcus_34354,99.029,Streptococcus n.sp. 20925_1_69
Streptococcus_34354,99.029,Streptococcus n.sp. 27098_8_103
Streptococcus_34354,99.029,Streptococcus n.sp. 27098_8_109
Streptococcus_34354,99.029,Streptococcus n.sp. 27098_8_76
Streptococcus_34354,99.029,Streptococcus mitis 27098_8_87
Streptococcus_34354,98.544,Streptococcus n.sp. 27098_8_23
Streptococcus_34354,99.029,Streptococcus n.sp. 27098_8_51
Streptococcus_34354,99.029,Streptococcus n.sp. 27098_8_70
Streptococcus_34354,97.087,Streptococcus parasanguinis 20925_1_10
Streptococcus_34354,97.087,Streptococcus n.sp. 20925_1_77
Streptococcus_34354,97.087,Streptococcus n.sp. 27098_8_12
Streptococcus_34354,97.087,Streptococcus parasanguinis 20925_1_143
Streptococcus_34354,97.087,Streptococcus n.sp. 27098_8_148
Streptococcus_34354,97.087,Streptococcus parasanguinis 27098_8_150
Streptococcus_34354,97.087,Streptococcus n.sp. 27098_8_177
Streptococcus_34354,97.087,Streptococcus n.sp. 27098_8_186
Streptococcus_34354,97.087,Streptococcus parasanguinis 27098_8_46
Streptococcus_34354,97.087,Streptococcus parasanguinis 27098_8_54
Streptococcus_34354,97.087,Streptococcus n.sp. 27098_8_66
Streptococcus_34354,97.087,Streptococcus n.sp. 27098_8_98
Streptococcus_34354,97.087,Streptococcus n.sp. 27098_8_99
Streptococcus_34354,99.029,Streptococcus pseudopneumoniae 20925_1_26
Streptococcus_34354,97.087,Streptococcus n.sp. 20925_1_22
Streptococcus_34354,97.087,Streptococcus n.sp. 27098_8_134
Streptococcus_34354,97.087,Streptococcus sanguinis 27098_8_181
Streptococcus_34354,97.087,Streptococcus n.sp. 27098_8_82
Streptococcus_34361,99.515,Streptococcus chosunense 27098_8_53
Streptococcus_34361,99.515,Streptococcus n.sp. 27098_8_86
Streptococcus_34361,97.573,Streptococcus n.sp. 27098_8_113
Streptococcus_34361,97.573,Streptococcus n.sp. 27098_8_73
Streptococcus_34361,97.087,Streptococcus gordonii 27098_8_101
Streptococcus_34361,97.087,Streptococcus n.sp. 27098_8_75
Streptococcus_34361,99.515,Streptococcus n.sp. 20925_1_44
Streptococcus_34361,99.515,Streptococcus n.sp. 27098_8_22
Streptococcus_34361,99.515,Streptococcus n.sp. 27098_8_69
Streptococcus_34361,99.515,Streptococcus n.sp. 27098_8_91
Streptococcus_34361,99.515,Streptococcus n.sp. 20925_1_69
Streptococcus_34361,99.515,Streptococcus n.sp. 27098_8_103
Streptococcus_34361,99.515,Streptococcus n.sp. 27098_8_109
Streptococcus_34361,99.515,Streptococcus n.sp. 27098_8_76
Streptococcus_34361,99.515,Streptococcus mitis 27098_8_87
Streptococcus_34361,99.029,Streptococcus n.sp. 27098_8_23
Streptococcus_34361,99.515,Streptococcus n.sp. 27098_8_51
Streptococcus_34361,99.515,Streptococcus n.sp. 27098_8_70
Streptococcus_34361,97.573,Streptococcus parasanguinis 20925_1_10
Streptococcus_34361,97.573,Streptococcus n.sp. 20925_1_77
Streptococcus_34361,97.573,Streptococcus n.sp. 27098_8_12
Streptococcus_34361,97.573,Streptococcus parasanguinis 20925_1_143
Streptococcus_34361,97.573,Streptococcus n.sp. 27098_8_148
Streptococcus_34361,97.573,Streptococcus parasanguinis 27098_8_150
Streptococcus_34361,97.573,Streptococcus n.sp. 27098_8_177
Streptococcus_34361,97.573,Streptococcus n.sp. 27098_8_186
Streptococcus_34361,97.573,Streptococcus parasanguinis 27098_8_46
Streptococcus_34361,97.573,Streptococcus parasanguinis 27098_8_54
Streptococcus_34361,97.573,Streptococcus n.sp. 27098_8_66
Streptococcus_34361,97.573,Streptococcus n.sp. 27098_8_98
Streptococcus_34361,97.573,Streptococcus n.sp. 27098_8_99
Streptococcus_34361,99.515,Streptococcus pseudopneumoniae 20925_1_26
Streptococcus_34361,97.087,Streptococcus n.sp. 20925_1_22
Streptococcus_34361,97.087,Streptococcus n.sp. 27098_8_134
Streptococcus_34361,97.087,Streptococcus sanguinis 27098_8_181
Streptococcus_34361,97.087,Streptococcus n.sp. 27098_8_82
Streptococcus_34364,99.515,Streptococcus chosunense 27098_8_53
Streptococcus_34364,99.515,Streptococcus n.sp. 27098_8_86
Streptococcus_34364,97.573,Streptococcus n.sp. 27098_8_113
Streptococcus_34364,97.573,Streptococcus n.sp. 27098_8_73
Streptococcus_34364,97.087,Streptococcus gordonii 27098_8_101
Streptococcus_34364,97.087,Streptococcus n.sp. 27098_8_75
Streptococcus_34364,99.515,Streptococcus n.sp. 20925_1_44
Streptococcus_34364,99.515,Streptococcus n.sp. 27098_8_22
Streptococcus_34364,99.515,Streptococcus n.sp. 27098_8_69
Streptococcus_34364,99.515,Streptococcus n.sp. 27098_8_91
Streptococcus_34364,99.515,Streptococcus n.sp. 20925_1_69
Streptococcus_34364,99.515,Streptococcus n.sp. 27098_8_103
Streptococcus_34364,99.515,Streptococcus n.sp. 27098_8_109
Streptococcus_34364,99.515,Streptococcus n.sp. 27098_8_76
Streptococcus_34364,99.515,Streptococcus mitis 27098_8_87
Streptococcus_34364,99.029,Streptococcus n.sp. 27098_8_23
Streptococcus_34364,99.515,Streptococcus n.sp. 27098_8_51
Streptococcus_34364,99.515,Streptococcus n.sp. 27098_8_70
Streptococcus_34364,97.573,Streptococcus parasanguinis 20925_1_10
Streptococcus_34364,97.573,Streptococcus n.sp. 20925_1_77
Streptococcus_34364,97.573,Streptococcus n.sp. 27098_8_12
Streptococcus_34364,97.573,Streptococcus parasanguinis 20925_1_143
Streptococcus_34364,97.573,Streptococcus n.sp. 27098_8_148
Streptococcus_34364,97.573,Streptococcus parasanguinis 27098_8_150
Streptococcus_34364,97.573,Streptococcus n.sp. 27098_8_177
Streptococcus_34364,97.573,Streptococcus n.sp. 27098_8_186
Streptococcus_34364,97.573,Streptococcus parasanguinis 27098_8_46
Streptococcus_34364,97.573,Streptococcus parasanguinis 27098_8_54
Streptococcus_34364,97.573,Streptococcus n.sp. 27098_8_66
Streptococcus_34364,97.573,Streptococcus n.sp. 27098_8_98
Streptococcus_34364,97.573,Streptococcus n.sp. 27098_8_99
Streptococcus_34364,99.515,Streptococcus pseudopneumoniae 20925_1_26
Streptococcus_34364,97.087,Streptococcus n.sp. 20925_1_22
Streptococcus_34364,97.087,Streptococcus n.sp. 27098_8_134
Streptococcus_34364,97.087,Streptococcus sanguinis 27098_8_181
Streptococcus_34364,97.087,Streptococcus n.sp. 27098_8_82
Streptococcus_34366,98.544,Streptococcus chosunense 27098_8_53
Streptococcus_34366,98.544,Streptococcus n.sp. 27098_8_86
Streptococcus_34366,96.602,Streptococcus n.sp. 27098_8_113
Streptococcus_34366,96.602,Streptococcus n.sp. 27098_8_73
Streptococcus_34366,96.117,Streptococcus gordonii 27098_8_101
Streptococcus_34366,96.117,Streptococcus n.sp. 27098_8_75
Streptococcus_34366,98.544,Streptococcus n.sp. 20925_1_44
Streptococcus_34366,98.544,Streptococcus n.sp. 27098_8_22
Streptococcus_34366,98.544,Streptococcus n.sp. 27098_8_69
Streptococcus_34366,98.544,Streptococcus n.sp. 27098_8_91
Streptococcus_34366,98.544,Streptococcus n.sp. 20925_1_69
Streptococcus_34366,98.544,Streptococcus n.sp. 27098_8_103
Streptococcus_34366,98.544,Streptococcus n.sp. 27098_8_109
Streptococcus_34366,98.544,Streptococcus n.sp. 27098_8_76
Streptococcus_34366,98.544,Streptococcus mitis 27098_8_87
Streptococcus_34366,98.058,Streptococcus n.sp. 27098_8_23
Streptococcus_34366,98.544,Streptococcus n.sp. 27098_8_51
Streptococcus_34366,98.544,Streptococcus n.sp. 27098_8_70
Streptococcus_34366,96.602,Streptococcus parasanguinis 20925_1_10
Streptococcus_34366,96.602,Streptococcus n.sp. 20925_1_77
Streptococcus_34366,96.602,Streptococcus n.sp. 27098_8_12
Streptococcus_34366,96.602,Streptococcus parasanguinis 20925_1_143
Streptococcus_34366,96.602,Streptococcus n.sp. 27098_8_148
Streptococcus_34366,96.602,Streptococcus parasanguinis 27098_8_150
Streptococcus_34366,96.602,Streptococcus n.sp. 27098_8_177
Streptococcus_34366,96.602,Streptococcus n.sp. 27098_8_186
Streptococcus_34366,96.602,Streptococcus parasanguinis 27098_8_46
Streptococcus_34366,96.602,Streptococcus parasanguinis 27098_8_54
Streptococcus_34366,96.602,Streptococcus n.sp. 27098_8_66
Streptococcus_34366,96.602,Streptococcus n.sp. 27098_8_98
Streptococcus_34366,96.602,Streptococcus n.sp. 27098_8_99
Streptococcus_34366,95.146,Streptococcus anginosus 27098_8_173
Streptococcus_34366,98.544,Streptococcus pseudopneumoniae 20925_1_26
Streptococcus_34366,96.602,Streptococcus n.sp. 20925_1_22
Streptococcus_34366,96.602,Streptococcus n.sp. 27098_8_134
Streptococcus_34366,96.602,Streptococcus sanguinis 27098_8_181
Streptococcus_34366,96.602,Streptococcus n.sp. 27098_8_82
Streptococcus_34367,99.515,Streptococcus chosunense 27098_8_53
Streptococcus_34367,99.515,Streptococcus n.sp. 27098_8_86
Streptococcus_34367,97.573,Streptococcus n.sp. 27098_8_113
Streptococcus_34367,97.573,Streptococcus n.sp. 27098_8_73
Streptococcus_34367,97.087,Streptococcus gordonii 27098_8_101
Streptococcus_34367,97.087,Streptococcus n.sp. 27098_8_75
Streptococcus_34367,99.515,Streptococcus n.sp. 20925_1_44
Streptococcus_34367,99.515,Streptococcus n.sp. 27098_8_22
Streptococcus_34367,99.515,Streptococcus n.sp. 27098_8_69
Streptococcus_34367,99.515,Streptococcus n.sp. 27098_8_91
Streptococcus_34367,99.515,Streptococcus n.sp. 20925_1_69
Streptococcus_34367,99.515,Streptococcus n.sp. 27098_8_103
Streptococcus_34367,99.515,Streptococcus n.sp. 27098_8_109
Streptococcus_34367,99.515,Streptococcus n.sp. 27098_8_76
Streptococcus_34367,99.515,Streptococcus mitis 27098_8_87
Streptococcus_34367,99.029,Streptococcus n.sp. 27098_8_23
Streptococcus_34367,99.515,Streptococcus n.sp. 27098_8_51
Streptococcus_34367,99.515,Streptococcus n.sp. 27098_8_70
Streptococcus_34367,97.573,Streptococcus parasanguinis 20925_1_10
Streptococcus_34367,97.573,Streptococcus n.sp. 20925_1_77
Streptococcus_34367,97.573,Streptococcus n.sp. 27098_8_12
Streptococcus_34367,97.573,Streptococcus parasanguinis 20925_1_143
Streptococcus_34367,97.573,Streptococcus n.sp. 27098_8_148
Streptococcus_34367,97.573,Streptococcus parasanguinis 27098_8_150
Streptococcus_34367,97.573,Streptococcus n.sp. 27098_8_177
Streptococcus_34367,97.573,Streptococcus n.sp. 27098_8_186
Streptococcus_34367,97.573,Streptococcus parasanguinis 27098_8_46
Streptococcus_34367,97.573,Streptococcus parasanguinis 27098_8_54
Streptococcus_34367,97.573,Streptococcus n.sp. 27098_8_66
Streptococcus_34367,97.573,Streptococcus n.sp. 27098_8_98
Streptococcus_34367,97.573,Streptococcus n.sp. 27098_8_99
Streptococcus_34367,99.515,Streptococcus pseudopneumoniae 20925_1_26
Streptococcus_34367,97.087,Streptococcus n.sp. 20925_1_22
Streptococcus_34367,97.087,Streptococcus n.sp. 27098_8_134
Streptococcus_34367,97.087,Streptococcus sanguinis 27098_8_181
Streptococcus_34367,97.087,Streptococcus n.sp. 27098_8_82
Streptococcus_34368,99.515,Streptococcus chosunense 27098_8_53
Streptococcus_34368,99.515,Streptococcus n.sp. 27098_8_86
Streptococcus_34368,97.573,Streptococcus n.sp. 27098_8_113
Streptococcus_34368,97.573,Streptococcus n.sp. 27098_8_73
Streptococcus_34368,97.087,Streptococcus gordonii 27098_8_101
Streptococcus_34368,97.087,Streptococcus n.sp. 27098_8_75
Streptococcus_34368,99.515,Streptococcus n.sp. 20925_1_44
Streptococcus_34368,99.515,Streptococcus n.sp. 27098_8_22
Streptococcus_34368,99.515,Streptococcus n.sp. 27098_8_69
Streptococcus_34368,99.515,Streptococcus n.sp. 27098_8_91
Streptococcus_34368,99.515,Streptococcus n.sp. 20925_1_69
Streptococcus_34368,99.515,Streptococcus n.sp. 27098_8_103
Streptococcus_34368,99.515,Streptococcus n.sp. 27098_8_109
Streptococcus_34368,99.515,Streptococcus n.sp. 27098_8_76
Streptococcus_34368,99.515,Streptococcus mitis 27098_8_87
Streptococcus_34368,99.029,Streptococcus n.sp. 27098_8_23
Streptococcus_34368,99.515,Streptococcus n.sp. 27098_8_51
Streptococcus_34368,99.515,Streptococcus n.sp. 27098_8_70
Streptococcus_34368,97.573,Streptococcus parasanguinis 20925_1_10
Streptococcus_34368,97.573,Streptococcus n.sp. 20925_1_77
Streptococcus_34368,97.573,Streptococcus n.sp. 27098_8_12
Streptococcus_34368,97.573,Streptococcus parasanguinis 20925_1_143
Streptococcus_34368,97.573,Streptococcus n.sp. 27098_8_148
Streptococcus_34368,97.573,Streptococcus parasanguinis 27098_8_150
Streptococcus_34368,97.573,Streptococcus n.sp. 27098_8_177
Streptococcus_34368,97.573,Streptococcus n.sp. 27098_8_186
Streptococcus_34368,97.573,Streptococcus parasanguinis 27098_8_46
Streptococcus_34368,97.573,Streptococcus parasanguinis 27098_8_54
Streptococcus_34368,97.573,Streptococcus n.sp. 27098_8_66
Streptococcus_34368,97.573,Streptococcus n.sp. 27098_8_98
Streptococcus_34368,97.573,Streptococcus n.sp. 27098_8_99
Streptococcus_34368,99.515,Streptococcus pseudopneumoniae 20925_1_26
Streptococcus_34368,97.087,Streptococcus n.sp. 20925_1_22
Streptococcus_34368,97.087,Streptococcus n.sp. 27098_8_134
Streptococcus_34368,97.087,Streptococcus sanguinis 27098_8_181
Streptococcus_34368,97.087,Streptococcus n.sp. 27098_8_82
Streptococcus_34369,99.515,Streptococcus chosunense 27098_8_53
Streptococcus_34369,99.515,Streptococcus n.sp. 27098_8_86
Streptococcus_34369,95.631,Streptococcus constellatus 20925_1_21
Streptococcus_34369,98.544,Streptococcus n.sp. 27098_8_113
Streptococcus_34369,98.544,Streptococcus n.sp. 27098_8_73
Streptococcus_34369,98.058,Streptococcus gordonii 27098_8_101
Streptococcus_34369,98.058,Streptococcus n.sp. 27098_8_75
Streptococcus_34369,99.515,Streptococcus n.sp. 20925_1_44
Streptococcus_34369,99.515,Streptococcus n.sp. 27098_8_22
Streptococcus_34369,99.515,Streptococcus n.sp. 27098_8_69
Streptococcus_34369,99.515,Streptococcus n.sp. 27098_8_91
Streptococcus_34369,99.515,Streptococcus n.sp. 20925_1_69
Streptococcus_34369,99.515,Streptococcus n.sp. 27098_8_103
Streptococcus_34369,99.515,Streptococcus n.sp. 27098_8_109
Streptococcus_34369,99.515,Streptococcus n.sp. 27098_8_76
Streptococcus_34369,99.515,Streptococcus mitis 27098_8_87
Streptococcus_34369,99.029,Streptococcus n.sp. 27098_8_23
Streptococcus_34369,99.515,Streptococcus n.sp. 27098_8_51
Streptococcus_34369,99.515,Streptococcus n.sp. 27098_8_70
Streptococcus_34369,98.544,Streptococcus parasanguinis 20925_1_10
Streptococcus_34369,98.544,Streptococcus n.sp. 20925_1_77
Streptococcus_34369,98.544,Streptococcus n.sp. 27098_8_12
Streptococcus_34369,98.544,Streptococcus parasanguinis 20925_1_143
Streptococcus_34369,98.544,Streptococcus n.sp. 27098_8_148
Streptococcus_34369,98.544,Streptococcus parasanguinis 27098_8_150
Streptococcus_34369,98.544,Streptococcus n.sp. 27098_8_177
Streptococcus_34369,98.544,Streptococcus n.sp. 27098_8_186
Streptococcus_34369,98.544,Streptococcus parasanguinis 27098_8_46
Streptococcus_34369,98.544,Streptococcus parasanguinis 27098_8_54
Streptococcus_34369,98.544,Streptococcus n.sp. 27098_8_66
Streptococcus_34369,98.544,Streptococcus n.sp. 27098_8_98
Streptococcus_34369,98.544,Streptococcus n.sp. 27098_8_99
Streptococcus_34369,95.146,Streptococcus anginosus 27098_8_173
Streptococcus_34369,99.515,Streptococcus pseudopneumoniae 20925_1_26
Streptococcus_34369,95.631,Streptococcus salivarius 20925_1_11
Streptococcus_34369,95.631,Streptococcus salivarius 20925_1_13
Streptococcus_34369,95.631,Streptococcus salivarius 27098_8_110
Streptococcus_34369,95.631,Streptococcus salivarius 27098_8_117
Streptococcus_34369,95.631,Streptococcus salivarius 27098_8_119
Streptococcus_34369,95.631,Streptococcus salivarius 27098_8_152
Streptococcus_34369,95.631,Streptococcus salivarius 27098_8_153
Streptococcus_34369,95.631,Streptococcus n.sp. 27098_8_74
Streptococcus_34369,98.058,Streptococcus n.sp. 20925_1_22
Streptococcus_34369,98.058,Streptococcus n.sp. 27098_8_134
Streptococcus_34369,98.058,Streptococcus sanguinis 27098_8_181
Streptococcus_34369,98.058,Streptococcus n.sp. 27098_8_82
Streptococcus_34372,98.544,Streptococcus chosunense 27098_8_53
Streptococcus_34372,98.544,Streptococcus n.sp. 27098_8_86
Streptococcus_34372,95.631,Streptococcus constellatus 20925_1_21
Streptococcus_34372,98.544,Streptococcus n.sp. 27098_8_113
Streptococcus_34372,98.544,Streptococcus n.sp. 27098_8_73
Streptococcus_34372,98.058,Streptococcus gordonii 27098_8_101
Streptococcus_34372,98.058,Streptococcus n.sp. 27098_8_75
Streptococcus_34372,98.544,Streptococcus n.sp. 20925_1_44
Streptococcus_34372,98.544,Streptococcus n.sp. 27098_8_22
Streptococcus_34372,98.544,Streptococcus n.sp. 27098_8_69
Streptococcus_34372,98.544,Streptococcus n.sp. 27098_8_91
Streptococcus_34372,98.544,Streptococcus n.sp. 20925_1_69
Streptococcus_34372,98.544,Streptococcus n.sp. 27098_8_103
Streptococcus_34372,98.544,Streptococcus n.sp. 27098_8_109
Streptococcus_34372,98.544,Streptococcus n.sp. 27098_8_76
Streptococcus_34372,98.544,Streptococcus mitis 27098_8_87
Streptococcus_34372,98.058,Streptococcus n.sp. 27098_8_23
Streptococcus_34372,98.544,Streptococcus n.sp. 27098_8_51
Streptococcus_34372,98.544,Streptococcus n.sp. 27098_8_70
Streptococcus_34372,98.544,Streptococcus parasanguinis 20925_1_10
Streptococcus_34372,98.544,Streptococcus n.sp. 20925_1_77
Streptococcus_34372,98.544,Streptococcus n.sp. 27098_8_12
Streptococcus_34372,98.544,Streptococcus parasanguinis 20925_1_143
Streptococcus_34372,98.544,Streptococcus n.sp. 27098_8_148
Streptococcus_34372,98.544,Streptococcus parasanguinis 27098_8_150
Streptococcus_34372,98.544,Streptococcus n.sp. 27098_8_177
Streptococcus_34372,98.544,Streptococcus n.sp. 27098_8_186
Streptococcus_34372,98.544,Streptococcus parasanguinis 27098_8_46
Streptococcus_34372,98.544,Streptococcus parasanguinis 27098_8_54
Streptococcus_34372,98.544,Streptococcus n.sp. 27098_8_66
Streptococcus_34372,98.544,Streptococcus n.sp. 27098_8_98
Streptococcus_34372,98.544,Streptococcus n.sp. 27098_8_99
Streptococcus_34372,95.146,Streptococcus anginosus 27098_8_173
Streptococcus_34372,98.544,Streptococcus pseudopneumoniae 20925_1_26
Streptococcus_34372,95.631,Streptococcus salivarius 20925_1_11
Streptococcus_34372,95.631,Streptococcus salivarius 20925_1_13
Streptococcus_34372,95.631,Streptococcus salivarius 27098_8_110
Streptococcus_34372,95.631,Streptococcus salivarius 27098_8_117
Streptococcus_34372,95.631,Streptococcus salivarius 27098_8_119
Streptococcus_34372,95.631,Streptococcus salivarius 27098_8_152
Streptococcus_34372,95.631,Streptococcus salivarius 27098_8_153
Streptococcus_34372,95.631,Streptococcus n.sp. 27098_8_74
Streptococcus_34372,98.058,Streptococcus n.sp. 20925_1_22
Streptococcus_34372,98.058,Streptococcus n.sp. 27098_8_134
Streptococcus_34372,98.058,Streptococcus sanguinis 27098_8_181
Streptococcus_34372,98.058,Streptococcus n.sp. 27098_8_82
Streptococcus_34373,99.029,Streptococcus chosunense 27098_8_53
Streptococcus_34373,99.029,Streptococcus n.sp. 27098_8_86
Streptococcus_34373,96.117,Streptococcus constellatus 20925_1_21
Streptococcus_34373,99.029,Streptococcus n.sp. 27098_8_113
Streptococcus_34373,99.029,Streptococcus n.sp. 27098_8_73
Streptococcus_34373,98.544,Streptococcus gordonii 27098_8_101
Streptococcus_34373,98.544,Streptococcus n.sp. 27098_8_75
Streptococcus_34373,99.029,Streptococcus n.sp. 20925_1_44
Streptococcus_34373,99.029,Streptococcus n.sp. 27098_8_22
Streptococcus_34373,99.029,Streptococcus n.sp. 27098_8_69
Streptococcus_34373,99.029,Streptococcus n.sp. 27098_8_91
Streptococcus_34373,99.029,Streptococcus n.sp. 20925_1_69
Streptococcus_34373,99.029,Streptococcus n.sp. 27098_8_103
Streptococcus_34373,99.029,Streptococcus n.sp. 27098_8_109
Streptococcus_34373,99.029,Streptococcus n.sp. 27098_8_76
Streptococcus_34373,99.029,Streptococcus mitis 27098_8_87
Streptococcus_34373,98.544,Streptococcus n.sp. 27098_8_23
Streptococcus_34373,99.029,Streptococcus n.sp. 27098_8_51
Streptococcus_34373,99.029,Streptococcus n.sp. 27098_8_70
Streptococcus_34373,99.029,Streptococcus parasanguinis 20925_1_10
Streptococcus_34373,99.029,Streptococcus n.sp. 20925_1_77
Streptococcus_34373,99.029,Streptococcus n.sp. 27098_8_12
Streptococcus_34373,99.029,Streptococcus parasanguinis 20925_1_143
Streptococcus_34373,99.029,Streptococcus n.sp. 27098_8_148
Streptococcus_34373,99.029,Streptococcus parasanguinis 27098_8_150
Streptococcus_34373,99.029,Streptococcus n.sp. 27098_8_177
Streptococcus_34373,99.029,Streptococcus n.sp. 27098_8_186
Streptococcus_34373,99.029,Streptococcus parasanguinis 27098_8_46
Streptococcus_34373,99.029,Streptococcus parasanguinis 27098_8_54
Streptococcus_34373,99.029,Streptococcus n.sp. 27098_8_66
Streptococcus_34373,99.029,Streptococcus n.sp. 27098_8_98
Streptococcus_34373,99.029,Streptococcus n.sp. 27098_8_99
Streptococcus_34373,95.631,Streptococcus anginosus 27098_8_173
Streptococcus_34373,99.029,Streptococcus pseudopneumoniae 20925_1_26
Streptococcus_34373,96.117,Streptococcus salivarius 20925_1_11
Streptococcus_34373,96.117,Streptococcus salivarius 20925_1_13
Streptococcus_34373,96.117,Streptococcus salivarius 27098_8_110
Streptococcus_34373,96.117,Streptococcus salivarius 27098_8_117
Streptococcus_34373,96.117,Streptococcus salivarius 27098_8_119
Streptococcus_34373,96.117,Streptococcus salivarius 27098_8_152
Streptococcus_34373,96.117,Streptococcus salivarius 27098_8_153
Streptococcus_34373,96.117,Streptococcus n.sp. 27098_8_74
Streptococcus_34373,98.544,Streptococcus n.sp. 20925_1_22
Streptococcus_34373,98.544,Streptococcus n.sp. 27098_8_134
Streptococcus_34373,98.544,Streptococcus sanguinis 27098_8_181
Streptococcus_34373,98.544,Streptococcus n.sp. 27098_8_82
Streptococcus_34384,99.029,Streptococcus chosunense 27098_8_53
Streptococcus_34384,99.029,Streptococcus n.sp. 27098_8_86
Streptococcus_34384,97.087,Streptococcus n.sp. 27098_8_113
Streptococcus_34384,97.087,Streptococcus n.sp. 27098_8_73
Streptococcus_34384,96.602,Streptococcus gordonii 27098_8_101
Streptococcus_34384,96.602,Streptococcus n.sp. 27098_8_75
Streptococcus_34384,99.029,Streptococcus n.sp. 20925_1_44
Streptococcus_34384,99.029,Streptococcus n.sp. 27098_8_22
Streptococcus_34384,99.029,Streptococcus n.sp. 27098_8_69
Streptococcus_34384,99.029,Streptococcus n.sp. 27098_8_91
Streptococcus_34384,99.029,Streptococcus n.sp. 20925_1_69
Streptococcus_34384,99.029,Streptococcus n.sp. 27098_8_103
Streptococcus_34384,99.029,Streptococcus n.sp. 27098_8_109
Streptococcus_34384,99.029,Streptococcus n.sp. 27098_8_76
Streptococcus_34384,99.029,Streptococcus mitis 27098_8_87
Streptococcus_34384,98.544,Streptococcus n.sp. 27098_8_23
Streptococcus_34384,99.029,Streptococcus n.sp. 27098_8_51
Streptococcus_34384,99.029,Streptococcus n.sp. 27098_8_70
Streptococcus_34384,97.087,Streptococcus parasanguinis 20925_1_10
Streptococcus_34384,97.087,Streptococcus n.sp. 20925_1_77
Streptococcus_34384,97.087,Streptococcus n.sp. 27098_8_12
Streptococcus_34384,97.087,Streptococcus parasanguinis 20925_1_143
Streptococcus_34384,97.087,Streptococcus n.sp. 27098_8_148
Streptococcus_34384,97.087,Streptococcus parasanguinis 27098_8_150
Streptococcus_34384,97.087,Streptococcus n.sp. 27098_8_177
Streptococcus_34384,97.087,Streptococcus n.sp. 27098_8_186
Streptococcus_34384,97.087,Streptococcus parasanguinis 27098_8_46
Streptococcus_34384,97.087,Streptococcus parasanguinis 27098_8_54
Streptococcus_34384,97.087,Streptococcus n.sp. 27098_8_66
Streptococcus_34384,97.087,Streptococcus n.sp. 27098_8_98
Streptococcus_34384,97.087,Streptococcus n.sp. 27098_8_99
Streptococcus_34384,99.029,Streptococcus pseudopneumoniae 20925_1_26
Streptococcus_34384,96.602,Streptococcus n.sp. 20925_1_22
Streptococcus_34384,96.602,Streptococcus n.sp. 27098_8_134
Streptococcus_34384,96.602,Streptococcus sanguinis 27098_8_181
Streptococcus_34384,96.602,Streptococcus n.sp. 27098_8_82
Streptococcus_34385,99.515,Streptococcus chosunense 27098_8_53
Streptococcus_34385,99.515,Streptococcus n.sp. 27098_8_86
Streptococcus_34385,97.573,Streptococcus n.sp. 27098_8_113
Streptococcus_34385,97.573,Streptococcus n.sp. 27098_8_73
Streptococcus_34385,97.087,Streptococcus gordonii 27098_8_101
Streptococcus_34385,97.087,Streptococcus n.sp. 27098_8_75
Streptococcus_34385,99.515,Streptococcus n.sp. 20925_1_44
Streptococcus_34385,99.515,Streptococcus n.sp. 27098_8_22
Streptococcus_34385,99.515,Streptococcus n.sp. 27098_8_69
Streptococcus_34385,99.515,Streptococcus n.sp. 27098_8_91
Streptococcus_34385,99.515,Streptococcus n.sp. 20925_1_69
Streptococcus_34385,99.515,Streptococcus n.sp. 27098_8_103
Streptococcus_34385,99.515,Streptococcus n.sp. 27098_8_109
Streptococcus_34385,99.515,Streptococcus n.sp. 27098_8_76
Streptococcus_34385,99.515,Streptococcus mitis 27098_8_87
Streptococcus_34385,99.029,Streptococcus n.sp. 27098_8_23
Streptococcus_34385,99.515,Streptococcus n.sp. 27098_8_51
Streptococcus_34385,99.515,Streptococcus n.sp. 27098_8_70
Streptococcus_34385,97.573,Streptococcus parasanguinis 20925_1_10
Streptococcus_34385,97.573,Streptococcus n.sp. 20925_1_77
Streptococcus_34385,97.573,Streptococcus n.sp. 27098_8_12
Streptococcus_34385,97.573,Streptococcus parasanguinis 20925_1_143
Streptococcus_34385,97.573,Streptococcus n.sp. 27098_8_148
Streptococcus_34385,97.573,Streptococcus parasanguinis 27098_8_150
Streptococcus_34385,97.573,Streptococcus n.sp. 27098_8_177
Streptococcus_34385,97.573,Streptococcus n.sp. 27098_8_186
Streptococcus_34385,97.573,Streptococcus parasanguinis 27098_8_46
Streptococcus_34385,97.573,Streptococcus parasanguinis 27098_8_54
Streptococcus_34385,97.573,Streptococcus n.sp. 27098_8_66
Streptococcus_34385,97.573,Streptococcus n.sp. 27098_8_98
Streptococcus_34385,97.573,Streptococcus n.sp. 27098_8_99
Streptococcus_34385,99.515,Streptococcus pseudopneumoniae 20925_1_26
Streptococcus_34385,97.087,Streptococcus n.sp. 20925_1_22
Streptococcus_34385,97.087,Streptococcus n.sp. 27098_8_134
Streptococcus_34385,97.087,Streptococcus sanguinis 27098_8_181
Streptococcus_34385,97.087,Streptococcus n.sp. 27098_8_82
Streptococcus_34386,99.515,Streptococcus chosunense 27098_8_53
Streptococcus_34386,99.515,Streptococcus n.sp. 27098_8_86
Streptococcus_34386,97.573,Streptococcus n.sp. 27098_8_113
Streptococcus_34386,97.573,Streptococcus n.sp. 27098_8_73
Streptococcus_34386,97.087,Streptococcus gordonii 27098_8_101
Streptococcus_34386,97.087,Streptococcus n.sp. 27098_8_75
Streptococcus_34386,99.515,Streptococcus n.sp. 20925_1_44
Streptococcus_34386,99.515,Streptococcus n.sp. 27098_8_22
Streptococcus_34386,99.515,Streptococcus n.sp. 27098_8_69
Streptococcus_34386,99.515,Streptococcus n.sp. 27098_8_91
Streptococcus_34386,99.515,Streptococcus n.sp. 20925_1_69
Streptococcus_34386,99.515,Streptococcus n.sp. 27098_8_103
Streptococcus_34386,99.515,Streptococcus n.sp. 27098_8_109
Streptococcus_34386,99.515,Streptococcus n.sp. 27098_8_76
Streptococcus_34386,99.515,Streptococcus mitis 27098_8_87
Streptococcus_34386,99.029,Streptococcus n.sp. 27098_8_23
Streptococcus_34386,99.515,Streptococcus n.sp. 27098_8_51
Streptococcus_34386,99.515,Streptococcus n.sp. 27098_8_70
Streptococcus_34386,97.573,Streptococcus parasanguinis 20925_1_10
Streptococcus_34386,97.573,Streptococcus n.sp. 20925_1_77
Streptococcus_34386,97.573,Streptococcus n.sp. 27098_8_12
Streptococcus_34386,97.573,Streptococcus parasanguinis 20925_1_143
Streptococcus_34386,97.573,Streptococcus n.sp. 27098_8_148
Streptococcus_34386,97.573,Streptococcus parasanguinis 27098_8_150
Streptococcus_34386,97.573,Streptococcus n.sp. 27098_8_177
Streptococcus_34386,97.573,Streptococcus n.sp. 27098_8_186
Streptococcus_34386,97.573,Streptococcus parasanguinis 27098_8_46
Streptococcus_34386,97.573,Streptococcus parasanguinis 27098_8_54
Streptococcus_34386,97.573,Streptococcus n.sp. 27098_8_66
Streptococcus_34386,97.573,Streptococcus n.sp. 27098_8_98
Streptococcus_34386,97.573,Streptococcus n.sp. 27098_8_99
Streptococcus_34386,99.515,Streptococcus pseudopneumoniae 20925_1_26
Streptococcus_34386,97.087,Streptococcus n.sp. 20925_1_22
Streptococcus_34386,97.087,Streptococcus n.sp. 27098_8_134
Streptococcus_34386,97.087,Streptococcus sanguinis 27098_8_181
Streptococcus_34386,97.087,Streptococcus n.sp. 27098_8_82
Streptococcus_34394,99.515,Streptococcus chosunense 27098_8_53
Streptococcus_34394,99.515,Streptococcus n.sp. 27098_8_86
Streptococcus_34394,97.573,Streptococcus n.sp. 27098_8_113
Streptococcus_34394,97.573,Streptococcus n.sp. 27098_8_73
Streptococcus_34394,97.087,Streptococcus gordonii 27098_8_101
Streptococcus_34394,97.087,Streptococcus n.sp. 27098_8_75
Streptococcus_34394,99.515,Streptococcus n.sp. 20925_1_44
Streptococcus_34394,99.515,Streptococcus n.sp. 27098_8_22
Streptococcus_34394,99.515,Streptococcus n.sp. 27098_8_69
Streptococcus_34394,99.515,Streptococcus n.sp. 27098_8_91
Streptococcus_34394,99.515,Streptococcus n.sp. 20925_1_69
Streptococcus_34394,99.515,Streptococcus n.sp. 27098_8_103
Streptococcus_34394,99.515,Streptococcus n.sp. 27098_8_109
Streptococcus_34394,99.515,Streptococcus n.sp. 27098_8_76
Streptococcus_34394,99.515,Streptococcus mitis 27098_8_87
Streptococcus_34394,99.029,Streptococcus n.sp. 27098_8_23
Streptococcus_34394,99.515,Streptococcus n.sp. 27098_8_51
Streptococcus_34394,99.515,Streptococcus n.sp. 27098_8_70
Streptococcus_34394,97.573,Streptococcus parasanguinis 20925_1_10
Streptococcus_34394,97.573,Streptococcus n.sp. 20925_1_77
Streptococcus_34394,97.573,Streptococcus n.sp. 27098_8_12
Streptococcus_34394,97.573,Streptococcus parasanguinis 20925_1_143
Streptococcus_34394,97.573,Streptococcus n.sp. 27098_8_148
Streptococcus_34394,97.573,Streptococcus parasanguinis 27098_8_150
Streptococcus_34394,97.573,Streptococcus n.sp. 27098_8_177
Streptococcus_34394,97.573,Streptococcus n.sp. 27098_8_186
Streptococcus_34394,97.573,Streptococcus parasanguinis 27098_8_46
Streptococcus_34394,97.573,Streptococcus parasanguinis 27098_8_54
Streptococcus_34394,97.573,Streptococcus n.sp. 27098_8_66
Streptococcus_34394,97.573,Streptococcus n.sp. 27098_8_98
Streptococcus_34394,97.573,Streptococcus n.sp. 27098_8_99
Streptococcus_34394,99.515,Streptococcus pseudopneumoniae 20925_1_26
Streptococcus_34394,97.087,Streptococcus n.sp. 20925_1_22
Streptococcus_34394,97.087,Streptococcus n.sp. 27098_8_134
Streptococcus_34394,97.087,Streptococcus sanguinis 27098_8_181
Streptococcus_34394,97.087,Streptococcus n.sp. 27098_8_82
Streptococcus_34396,99.515,Streptococcus chosunense 27098_8_53
Streptococcus_34396,99.515,Streptococcus n.sp. 27098_8_86
Streptococcus_34396,97.573,Streptococcus n.sp. 27098_8_113
Streptococcus_34396,97.573,Streptococcus n.sp. 27098_8_73
Streptococcus_34396,97.087,Streptococcus gordonii 27098_8_101
Streptococcus_34396,97.087,Streptococcus n.sp. 27098_8_75
Streptococcus_34396,99.515,Streptococcus n.sp. 20925_1_44
Streptococcus_34396,99.515,Streptococcus n.sp. 27098_8_22
Streptococcus_34396,99.515,Streptococcus n.sp. 27098_8_69
Streptococcus_34396,99.515,Streptococcus n.sp. 27098_8_91
Streptococcus_34396,99.515,Streptococcus n.sp. 20925_1_69
Streptococcus_34396,99.515,Streptococcus n.sp. 27098_8_103
Streptococcus_34396,99.515,Streptococcus n.sp. 27098_8_109
Streptococcus_34396,99.515,Streptococcus n.sp. 27098_8_76
Streptococcus_34396,99.515,Streptococcus mitis 27098_8_87
Streptococcus_34396,99.029,Streptococcus n.sp. 27098_8_23
Streptococcus_34396,99.515,Streptococcus n.sp. 27098_8_51
Streptococcus_34396,99.515,Streptococcus n.sp. 27098_8_70
Streptococcus_34396,97.573,Streptococcus parasanguinis 20925_1_10
Streptococcus_34396,97.573,Streptococcus n.sp. 20925_1_77
Streptococcus_34396,97.573,Streptococcus n.sp. 27098_8_12
Streptococcus_34396,97.573,Streptococcus parasanguinis 20925_1_143
Streptococcus_34396,97.573,Streptococcus n.sp. 27098_8_148
Streptococcus_34396,97.573,Streptococcus parasanguinis 27098_8_150
Streptococcus_34396,97.573,Streptococcus n.sp. 27098_8_177
Streptococcus_34396,97.573,Streptococcus n.sp. 27098_8_186
Streptococcus_34396,97.573,Streptococcus parasanguinis 27098_8_46
Streptococcus_34396,97.573,Streptococcus parasanguinis 27098_8_54
Streptococcus_34396,97.573,Streptococcus n.sp. 27098_8_66
Streptococcus_34396,97.573,Streptococcus n.sp. 27098_8_98
Streptococcus_34396,97.573,Streptococcus n.sp. 27098_8_99
Streptococcus_34396,99.515,Streptococcus pseudopneumoniae 20925_1_26
Streptococcus_34396,97.087,Streptococcus n.sp. 20925_1_22
Streptococcus_34396,97.087,Streptococcus n.sp. 27098_8_134
Streptococcus_34396,97.087,Streptococcus sanguinis 27098_8_181
Streptococcus_34396,97.087,Streptococcus n.sp. 27098_8_82
Streptococcus_34401,,no_isolate
Streptococcus_34407,99.515,Streptococcus chosunense 27098_8_53
Streptococcus_34407,99.515,Streptococcus n.sp. 27098_8_86
Streptococcus_34407,97.573,Streptococcus n.sp. 27098_8_113
Streptococcus_34407,97.573,Streptococcus n.sp. 27098_8_73
Streptococcus_34407,97.087,Streptococcus gordonii 27098_8_101
Streptococcus_34407,97.087,Streptococcus n.sp. 27098_8_75
Streptococcus_34407,99.515,Streptococcus n.sp. 20925_1_44
Streptococcus_34407,99.515,Streptococcus n.sp. 27098_8_22
Streptococcus_34407,99.515,Streptococcus n.sp. 27098_8_69
Streptococcus_34407,99.515,Streptococcus n.sp. 27098_8_91
Streptococcus_34407,99.515,Streptococcus n.sp. 20925_1_69
Streptococcus_34407,99.515,Streptococcus n.sp. 27098_8_103
Streptococcus_34407,99.515,Streptococcus n.sp. 27098_8_109
Streptococcus_34407,99.515,Streptococcus n.sp. 27098_8_76
Streptococcus_34407,99.515,Streptococcus mitis 27098_8_87
Streptococcus_34407,99.029,Streptococcus n.sp. 27098_8_23
Streptococcus_34407,99.515,Streptococcus n.sp. 27098_8_51
Streptococcus_34407,99.515,Streptococcus n.sp. 27098_8_70
Streptococcus_34407,97.573,Streptococcus parasanguinis 20925_1_10
Streptococcus_34407,97.573,Streptococcus n.sp. 20925_1_77
Streptococcus_34407,97.573,Streptococcus n.sp. 27098_8_12
Streptococcus_34407,97.573,Streptococcus parasanguinis 20925_1_143
Streptococcus_34407,97.573,Streptococcus n.sp. 27098_8_148
Streptococcus_34407,97.573,Streptococcus parasanguinis 27098_8_150
Streptococcus_34407,97.573,Streptococcus n.sp. 27098_8_177
Streptococcus_34407,97.573,Streptococcus n.sp. 27098_8_186
Streptococcus_34407,97.573,Streptococcus parasanguinis 27098_8_46
Streptococcus_34407,97.573,Streptococcus parasanguinis 27098_8_54
Streptococcus_34407,97.573,Streptococcus n.sp. 27098_8_66
Streptococcus_34407,97.573,Streptococcus n.sp. 27098_8_98
Streptococcus_34407,97.573,Streptococcus n.sp. 27098_8_99
Streptococcus_34407,99.515,Streptococcus pseudopneumoniae 20925_1_26
Streptococcus_34407,97.087,Streptococcus n.sp. 20925_1_22
Streptococcus_34407,97.087,Streptococcus n.sp. 27098_8_134
Streptococcus_34407,97.087,Streptococcus sanguinis 27098_8_181
Streptococcus_34407,97.087,Streptococcus n.sp. 27098_8_82
Streptococcus_34416,98.058,Streptococcus chosunense 27098_8_53
Streptococcus_34416,98.058,Streptococcus n.sp. 27098_8_86
Streptococcus_34416,96.117,Streptococcus n.sp. 27098_8_113
Streptococcus_34416,96.117,Streptococcus n.sp. 27098_8_73
Streptococcus_34416,95.631,Streptococcus gordonii 27098_8_101
Streptococcus_34416,95.631,Streptococcus n.sp. 27098_8_75
Streptococcus_34416,98.058,Streptococcus n.sp. 20925_1_44
Streptococcus_34416,98.058,Streptococcus n.sp. 27098_8_22
Streptococcus_34416,98.058,Streptococcus n.sp. 27098_8_69
Streptococcus_34416,98.058,Streptococcus n.sp. 27098_8_91
Streptococcus_34416,98.058,Streptococcus n.sp. 20925_1_69
Streptococcus_34416,98.058,Streptococcus n.sp. 27098_8_103
Streptococcus_34416,98.058,Streptococcus n.sp. 27098_8_109
Streptococcus_34416,98.058,Streptococcus n.sp. 27098_8_76
Streptococcus_34416,98.058,Streptococcus mitis 27098_8_87
Streptococcus_34416,97.573,Streptococcus n.sp. 27098_8_23
Streptococcus_34416,98.058,Streptococcus n.sp. 27098_8_51
Streptococcus_34416,98.058,Streptococcus n.sp. 27098_8_70
Streptococcus_34416,96.117,Streptococcus parasanguinis 20925_1_10
Streptococcus_34416,96.117,Streptococcus n.sp. 20925_1_77
Streptococcus_34416,96.117,Streptococcus n.sp. 27098_8_12
Streptococcus_34416,96.117,Streptococcus parasanguinis 20925_1_143
Streptococcus_34416,96.117,Streptococcus n.sp. 27098_8_148
Streptococcus_34416,96.117,Streptococcus parasanguinis 27098_8_150
Streptococcus_34416,96.117,Streptococcus n.sp. 27098_8_177
Streptococcus_34416,96.117,Streptococcus n.sp. 27098_8_186
Streptococcus_34416,96.117,Streptococcus parasanguinis 27098_8_46
Streptococcus_34416,96.117,Streptococcus parasanguinis 27098_8_54
Streptococcus_34416,96.117,Streptococcus n.sp. 27098_8_66
Streptococcus_34416,96.117,Streptococcus n.sp. 27098_8_98
Streptococcus_34416,96.117,Streptococcus n.sp. 27098_8_99
Streptococcus_34416,98.058,Streptococcus pseudopneumoniae 20925_1_26
Streptococcus_34416,95.631,Streptococcus n.sp. 20925_1_22
Streptococcus_34416,95.631,Streptococcus n.sp. 27098_8_134
Streptococcus_34416,95.631,Streptococcus sanguinis 27098_8_181
Streptococcus_34416,95.631,Streptococcus n.sp. 27098_8_82
Streptococcus_34421,99.515,Streptococcus chosunense 27098_8_53
Streptococcus_34421,99.515,Streptococcus n.sp. 27098_8_86
Streptococcus_34421,97.573,Streptococcus n.sp. 27098_8_113
Streptococcus_34421,97.573,Streptococcus n.sp. 27098_8_73
Streptococcus_34421,97.087,Streptococcus gordonii 27098_8_101
Streptococcus_34421,97.087,Streptococcus n.sp. 27098_8_75
Streptococcus_34421,99.515,Streptococcus n.sp. 20925_1_44
Streptococcus_34421,99.515,Streptococcus n.sp. 27098_8_22
Streptococcus_34421,99.515,Streptococcus n.sp. 27098_8_69
Streptococcus_34421,99.515,Streptococcus n.sp. 27098_8_91
Streptococcus_34421,99.515,Streptococcus n.sp. 20925_1_69
Streptococcus_34421,99.515,Streptococcus n.sp. 27098_8_103
Streptococcus_34421,99.515,Streptococcus n.sp. 27098_8_109
Streptococcus_34421,99.515,Streptococcus n.sp. 27098_8_76
Streptococcus_34421,99.515,Streptococcus mitis 27098_8_87
Streptococcus_34421,99.029,Streptococcus n.sp. 27098_8_23
Streptococcus_34421,99.515,Streptococcus n.sp. 27098_8_51
Streptococcus_34421,99.515,Streptococcus n.sp. 27098_8_70
Streptococcus_34421,97.573,Streptococcus parasanguinis 20925_1_10
Streptococcus_34421,97.573,Streptococcus n.sp. 20925_1_77
Streptococcus_34421,97.573,Streptococcus n.sp. 27098_8_12
Streptococcus_34421,97.573,Streptococcus parasanguinis 20925_1_143
Streptococcus_34421,97.573,Streptococcus n.sp. 27098_8_148
Streptococcus_34421,97.573,Streptococcus parasanguinis 27098_8_150
Streptococcus_34421,97.573,Streptococcus n.sp. 27098_8_177
Streptococcus_34421,97.573,Streptococcus n.sp. 27098_8_186
Streptococcus_34421,97.573,Streptococcus parasanguinis 27098_8_46
Streptococcus_34421,97.573,Streptococcus parasanguinis 27098_8_54
Streptococcus_34421,97.573,Streptococcus n.sp. 27098_8_66
Streptococcus_34421,97.573,Streptococcus n.sp. 27098_8_98
Streptococcus_34421,97.573,Streptococcus n.sp. 27098_8_99
Streptococcus_34421,99.515,Streptococcus pseudopneumoniae 20925_1_26
Streptococcus_34421,97.087,Streptococcus n.sp. 20925_1_22
Streptococcus_34421,97.087,Streptococcus n.sp. 27098_8_134
Streptococcus_34421,97.087,Streptococcus sanguinis 27098_8_181
Streptococcus_34421,97.087,Streptococcus n.sp. 27098_8_82
Streptococcus_34422,99.515,Streptococcus chosunense 27098_8_53
Streptococcus_34422,99.515,Streptococcus n.sp. 27098_8_86
Streptococcus_34422,97.573,Streptococcus n.sp. 27098_8_113
Streptococcus_34422,97.573,Streptococcus n.sp. 27098_8_73
Streptococcus_34422,97.087,Streptococcus gordonii 27098_8_101
Streptococcus_34422,97.087,Streptococcus n.sp. 27098_8_75
Streptococcus_34422,99.515,Streptococcus n.sp. 20925_1_44
Streptococcus_34422,99.515,Streptococcus n.sp. 27098_8_22
Streptococcus_34422,99.515,Streptococcus n.sp. 27098_8_69
Streptococcus_34422,99.515,Streptococcus n.sp. 27098_8_91
Streptococcus_34422,99.515,Streptococcus n.sp. 20925_1_69
Streptococcus_34422,99.515,Streptococcus n.sp. 27098_8_103
Streptococcus_34422,99.515,Streptococcus n.sp. 27098_8_109
Streptococcus_34422,99.515,Streptococcus n.sp. 27098_8_76
Streptococcus_34422,99.515,Streptococcus mitis 27098_8_87
Streptococcus_34422,99.029,Streptococcus n.sp. 27098_8_23
Streptococcus_34422,99.515,Streptococcus n.sp. 27098_8_51
Streptococcus_34422,99.515,Streptococcus n.sp. 27098_8_70
Streptococcus_34422,97.573,Streptococcus parasanguinis 20925_1_10
Streptococcus_34422,97.573,Streptococcus n.sp. 20925_1_77
Streptococcus_34422,97.573,Streptococcus n.sp. 27098_8_12
Streptococcus_34422,97.573,Streptococcus parasanguinis 20925_1_143
Streptococcus_34422,97.573,Streptococcus n.sp. 27098_8_148
Streptococcus_34422,97.573,Streptococcus parasanguinis 27098_8_150
Streptococcus_34422,97.573,Streptococcus n.sp. 27098_8_177
Streptococcus_34422,97.573,Streptococcus n.sp. 27098_8_186
Streptococcus_34422,97.573,Streptococcus parasanguinis 27098_8_46
Streptococcus_34422,97.573,Streptococcus parasanguinis 27098_8_54
Streptococcus_34422,97.573,Streptococcus n.sp. 27098_8_66
Streptococcus_34422,97.573,Streptococcus n.sp. 27098_8_98
Streptococcus_34422,97.573,Streptococcus n.sp. 27098_8_99
Streptococcus_34422,99.515,Streptococcus pseudopneumoniae 20925_1_26
Streptococcus_34422,97.087,Streptococcus n.sp. 20925_1_22
Streptococcus_34422,97.087,Streptococcus n.sp. 27098_8_134
Streptococcus_34422,97.087,Streptococcus sanguinis 27098_8_181
Streptococcus_34422,97.087,Streptococcus n.sp. 27098_8_82
Streptococcus_34423,99.515,Streptococcus chosunense 27098_8_53
Streptococcus_34423,99.515,Streptococcus n.sp. 27098_8_86
Streptococcus_34423,97.573,Streptococcus n.sp. 27098_8_113
Streptococcus_34423,97.573,Streptococcus n.sp. 27098_8_73
Streptococcus_34423,97.087,Streptococcus gordonii 27098_8_101
Streptococcus_34423,97.087,Streptococcus n.sp. 27098_8_75
Streptococcus_34423,99.515,Streptococcus n.sp. 20925_1_44
Streptococcus_34423,99.515,Streptococcus n.sp. 27098_8_22
Streptococcus_34423,99.515,Streptococcus n.sp. 27098_8_69
Streptococcus_34423,99.515,Streptococcus n.sp. 27098_8_91
Streptococcus_34423,99.515,Streptococcus n.sp. 20925_1_69
Streptococcus_34423,99.515,Streptococcus n.sp. 27098_8_103
Streptococcus_34423,99.515,Streptococcus n.sp. 27098_8_109
Streptococcus_34423,99.515,Streptococcus n.sp. 27098_8_76
Streptococcus_34423,99.515,Streptococcus mitis 27098_8_87
Streptococcus_34423,99.029,Streptococcus n.sp. 27098_8_23
Streptococcus_34423,99.515,Streptococcus n.sp. 27098_8_51
Streptococcus_34423,99.515,Streptococcus n.sp. 27098_8_70
Streptococcus_34423,97.573,Streptococcus parasanguinis 20925_1_10
Streptococcus_34423,97.573,Streptococcus n.sp. 20925_1_77
Streptococcus_34423,97.573,Streptococcus n.sp. 27098_8_12
Streptococcus_34423,97.573,Streptococcus parasanguinis 20925_1_143
Streptococcus_34423,97.573,Streptococcus n.sp. 27098_8_148
Streptococcus_34423,97.573,Streptococcus parasanguinis 27098_8_150
Streptococcus_34423,97.573,Streptococcus n.sp. 27098_8_177
Streptococcus_34423,97.573,Streptococcus n.sp. 27098_8_186
Streptococcus_34423,97.573,Streptococcus parasanguinis 27098_8_46
Streptococcus_34423,97.573,Streptococcus parasanguinis 27098_8_54
Streptococcus_34423,97.573,Streptococcus n.sp. 27098_8_66
Streptococcus_34423,97.573,Streptococcus n.sp. 27098_8_98
Streptococcus_34423,97.573,Streptococcus n.sp. 27098_8_99
Streptococcus_34423,99.515,Streptococcus pseudopneumoniae 20925_1_26
Streptococcus_34423,97.087,Streptococcus n.sp. 20925_1_22
Streptococcus_34423,97.087,Streptococcus n.sp. 27098_8_134
Streptococcus_34423,97.087,Streptococcus sanguinis 27098_8_181
Streptococcus_34423,97.087,Streptococcus n.sp. 27098_8_82
Streptococcus_34426,99.515,Streptococcus chosunense 27098_8_53
Streptococcus_34426,99.515,Streptococcus n.sp. 27098_8_86
Streptococcus_34426,97.573,Streptococcus n.sp. 27098_8_113
Streptococcus_34426,97.573,Streptococcus n.sp. 27098_8_73
Streptococcus_34426,97.087,Streptococcus gordonii 27098_8_101
Streptococcus_34426,97.087,Streptococcus n.sp. 27098_8_75
Streptococcus_34426,99.515,Streptococcus n.sp. 20925_1_44
Streptococcus_34426,99.515,Streptococcus n.sp. 27098_8_22
Streptococcus_34426,99.515,Streptococcus n.sp. 27098_8_69
Streptococcus_34426,99.515,Streptococcus n.sp. 27098_8_91
Streptococcus_34426,99.515,Streptococcus n.sp. 20925_1_69
Streptococcus_34426,99.515,Streptococcus n.sp. 27098_8_103
Streptococcus_34426,99.515,Streptococcus n.sp. 27098_8_109
Streptococcus_34426,99.515,Streptococcus n.sp. 27098_8_76
Streptococcus_34426,99.515,Streptococcus mitis 27098_8_87
Streptococcus_34426,99.029,Streptococcus n.sp. 27098_8_23
Streptococcus_34426,99.515,Streptococcus n.sp. 27098_8_51
Streptococcus_34426,99.515,Streptococcus n.sp. 27098_8_70
Streptococcus_34426,97.573,Streptococcus parasanguinis 20925_1_10
Streptococcus_34426,97.573,Streptococcus n.sp. 20925_1_77
Streptococcus_34426,97.573,Streptococcus n.sp. 27098_8_12
Streptococcus_34426,97.573,Streptococcus parasanguinis 20925_1_143
Streptococcus_34426,97.573,Streptococcus n.sp. 27098_8_148
Streptococcus_34426,97.573,Streptococcus parasanguinis 27098_8_150
Streptococcus_34426,97.573,Streptococcus n.sp. 27098_8_177
Streptococcus_34426,97.573,Streptococcus n.sp. 27098_8_186
Streptococcus_34426,97.573,Streptococcus parasanguinis 27098_8_46
Streptococcus_34426,97.573,Streptococcus parasanguinis 27098_8_54
Streptococcus_34426,97.573,Streptococcus n.sp. 27098_8_66
Streptococcus_34426,97.573,Streptococcus n.sp. 27098_8_98
Streptococcus_34426,97.573,Streptococcus n.sp. 27098_8_99
Streptococcus_34426,99.515,Streptococcus pseudopneumoniae 20925_1_26
Streptococcus_34426,97.087,Streptococcus n.sp. 20925_1_22
Streptococcus_34426,97.087,Streptococcus n.sp. 27098_8_134
Streptococcus_34426,97.087,Streptococcus sanguinis 27098_8_181
Streptococcus_34426,97.087,Streptococcus n.sp. 27098_8_82
Streptococcus_34432,99.029,Streptococcus chosunense 27098_8_53
Streptococcus_34432,99.029,Streptococcus n.sp. 27098_8_86
Streptococcus_34432,97.087,Streptococcus n.sp. 27098_8_113
Streptococcus_34432,97.087,Streptococcus n.sp. 27098_8_73
Streptococcus_34432,96.602,Streptococcus gordonii 27098_8_101
Streptococcus_34432,96.602,Streptococcus n.sp. 27098_8_75
Streptococcus_34432,99.029,Streptococcus n.sp. 20925_1_44
Streptococcus_34432,99.029,Streptococcus n.sp. 27098_8_22
Streptococcus_34432,99.029,Streptococcus n.sp. 27098_8_69
Streptococcus_34432,99.029,Streptococcus n.sp. 27098_8_91
Streptococcus_34432,99.029,Streptococcus n.sp. 20925_1_69
Streptococcus_34432,99.029,Streptococcus n.sp. 27098_8_103
Streptococcus_34432,99.029,Streptococcus n.sp. 27098_8_109
Streptococcus_34432,99.029,Streptococcus n.sp. 27098_8_76
Streptococcus_34432,99.029,Streptococcus mitis 27098_8_87
Streptococcus_34432,98.544,Streptococcus n.sp. 27098_8_23
Streptococcus_34432,99.029,Streptococcus n.sp. 27098_8_51
Streptococcus_34432,99.029,Streptococcus n.sp. 27098_8_70
Streptococcus_34432,97.087,Streptococcus parasanguinis 20925_1_10
Streptococcus_34432,97.087,Streptococcus n.sp. 20925_1_77
Streptococcus_34432,97.087,Streptococcus n.sp. 27098_8_12
Streptococcus_34432,97.087,Streptococcus parasanguinis 20925_1_143
Streptococcus_34432,97.087,Streptococcus n.sp. 27098_8_148
Streptococcus_34432,97.087,Streptococcus parasanguinis 27098_8_150
Streptococcus_34432,97.087,Streptococcus n.sp. 27098_8_177
Streptococcus_34432,97.087,Streptococcus n.sp. 27098_8_186
Streptococcus_34432,97.087,Streptococcus parasanguinis 27098_8_46
Streptococcus_34432,97.087,Streptococcus parasanguinis 27098_8_54
Streptococcus_34432,97.087,Streptococcus n.sp. 27098_8_66
Streptococcus_34432,97.087,Streptococcus n.sp. 27098_8_98
Streptococcus_34432,97.087,Streptococcus n.sp. 27098_8_99
Streptococcus_34432,99.029,Streptococcus pseudopneumoniae 20925_1_26
Streptococcus_34432,96.602,Streptococcus n.sp. 20925_1_22
Streptococcus_34432,96.602,Streptococcus n.sp. 27098_8_134
Streptococcus_34432,96.602,Streptococcus sanguinis 27098_8_181
Streptococcus_34432,96.602,Streptococcus n.sp. 27098_8_82
Streptococcus_34445,99.515,Streptococcus chosunense 27098_8_53
Streptococcus_34445,99.515,Streptococcus n.sp. 27098_8_86
Streptococcus_34445,95.631,Streptococcus constellatus 20925_1_21
Streptococcus_34445,97.573,Streptococcus n.sp. 27098_8_113
Streptococcus_34445,97.573,Streptococcus n.sp. 27098_8_73
Streptococcus_34445,98.058,Streptococcus gordonii 27098_8_101
Streptococcus_34445,98.058,Streptococcus n.sp. 27098_8_75
Streptococcus_34445,99.515,Streptococcus n.sp. 20925_1_44
Streptococcus_34445,99.515,Streptococcus n.sp. 27098_8_22
Streptococcus_34445,99.515,Streptococcus n.sp. 27098_8_69
Streptococcus_34445,99.515,Streptococcus n.sp. 27098_8_91
Streptococcus_34445,99.515,Streptococcus n.sp. 20925_1_69
Streptococcus_34445,99.515,Streptococcus n.sp. 27098_8_103
Streptococcus_34445,99.515,Streptococcus n.sp. 27098_8_109
Streptococcus_34445,99.515,Streptococcus n.sp. 27098_8_76
Streptococcus_34445,99.515,Streptococcus mitis 27098_8_87
Streptococcus_34445,99.029,Streptococcus n.sp. 27098_8_23
Streptococcus_34445,99.515,Streptococcus n.sp. 27098_8_51
Streptococcus_34445,99.515,Streptococcus n.sp. 27098_8_70
Streptococcus_34445,97.573,Streptococcus parasanguinis 20925_1_10
Streptococcus_34445,97.573,Streptococcus n.sp. 20925_1_77
Streptococcus_34445,97.573,Streptococcus n.sp. 27098_8_12
Streptococcus_34445,97.573,Streptococcus parasanguinis 20925_1_143
Streptococcus_34445,97.573,Streptococcus n.sp. 27098_8_148
Streptococcus_34445,97.573,Streptococcus parasanguinis 27098_8_150
Streptococcus_34445,97.573,Streptococcus n.sp. 27098_8_177
Streptococcus_34445,97.573,Streptococcus n.sp. 27098_8_186
Streptococcus_34445,97.573,Streptococcus parasanguinis 27098_8_46
Streptococcus_34445,97.573,Streptococcus parasanguinis 27098_8_54
Streptococcus_34445,97.573,Streptococcus n.sp. 27098_8_66
Streptococcus_34445,97.573,Streptococcus n.sp. 27098_8_98
Streptococcus_34445,97.573,Streptococcus n.sp. 27098_8_99
Streptococcus_34445,95.146,Streptococcus anginosus 27098_8_173
Streptococcus_34445,99.515,Streptococcus pseudopneumoniae 20925_1_26
Streptococcus_34445,95.631,Streptococcus salivarius 20925_1_11
Streptococcus_34445,95.631,Streptococcus salivarius 20925_1_13
Streptococcus_34445,95.631,Streptococcus salivarius 27098_8_110
Streptococcus_34445,95.631,Streptococcus salivarius 27098_8_117
Streptococcus_34445,95.631,Streptococcus salivarius 27098_8_119
Streptococcus_34445,95.631,Streptococcus salivarius 27098_8_152
Streptococcus_34445,95.631,Streptococcus salivarius 27098_8_153
Streptococcus_34445,95.631,Streptococcus n.sp. 27098_8_74
Streptococcus_34445,97.087,Streptococcus n.sp. 20925_1_22
Streptococcus_34445,97.087,Streptococcus n.sp. 27098_8_134
Streptococcus_34445,97.087,Streptococcus sanguinis 27098_8_181
Streptococcus_34445,97.087,Streptococcus n.sp. 27098_8_82
Streptococcus_34446,99.515,Streptococcus chosunense 27098_8_53
Streptococcus_34446,99.515,Streptococcus n.sp. 27098_8_86
Streptococcus_34446,95.146,Streptococcus constellatus 20925_1_21
Streptococcus_34446,97.573,Streptococcus n.sp. 27098_8_113
Streptococcus_34446,97.573,Streptococcus n.sp. 27098_8_73
Streptococcus_34446,97.573,Streptococcus gordonii 27098_8_101
Streptococcus_34446,97.573,Streptococcus n.sp. 27098_8_75
Streptococcus_34446,99.515,Streptococcus n.sp. 20925_1_44
Streptococcus_34446,99.515,Streptococcus n.sp. 27098_8_22
Streptococcus_34446,99.515,Streptococcus n.sp. 27098_8_69
Streptococcus_34446,99.515,Streptococcus n.sp. 27098_8_91
Streptococcus_34446,99.515,Streptococcus n.sp. 20925_1_69
Streptococcus_34446,99.515,Streptococcus n.sp. 27098_8_103
Streptococcus_34446,99.515,Streptococcus n.sp. 27098_8_109
Streptococcus_34446,99.515,Streptococcus n.sp. 27098_8_76
Streptococcus_34446,99.515,Streptococcus mitis 27098_8_87
Streptococcus_34446,99.029,Streptococcus n.sp. 27098_8_23
Streptococcus_34446,99.515,Streptococcus n.sp. 27098_8_51
Streptococcus_34446,99.515,Streptococcus n.sp. 27098_8_70
Streptococcus_34446,97.573,Streptococcus parasanguinis 20925_1_10
Streptococcus_34446,97.573,Streptococcus n.sp. 20925_1_77
Streptococcus_34446,97.573,Streptococcus n.sp. 27098_8_12
Streptococcus_34446,97.573,Streptococcus parasanguinis 20925_1_143
Streptococcus_34446,97.573,Streptococcus n.sp. 27098_8_148
Streptococcus_34446,97.573,Streptococcus parasanguinis 27098_8_150
Streptococcus_34446,97.573,Streptococcus n.sp. 27098_8_177
Streptococcus_34446,97.573,Streptococcus n.sp. 27098_8_186
Streptococcus_34446,97.573,Streptococcus parasanguinis 27098_8_46
Streptococcus_34446,97.573,Streptococcus parasanguinis 27098_8_54
Streptococcus_34446,97.573,Streptococcus n.sp. 27098_8_66
Streptococcus_34446,97.573,Streptococcus n.sp. 27098_8_98
Streptococcus_34446,97.573,Streptococcus n.sp. 27098_8_99
Streptococcus_34446,99.515,Streptococcus pseudopneumoniae 20925_1_26
Streptococcus_34446,95.146,Streptococcus salivarius 20925_1_11
Streptococcus_34446,95.146,Streptococcus salivarius 20925_1_13
Streptococcus_34446,95.146,Streptococcus salivarius 27098_8_110
Streptococcus_34446,95.146,Streptococcus salivarius 27098_8_117
Streptococcus_34446,95.146,Streptococcus salivarius 27098_8_119
Streptococcus_34446,95.146,Streptococcus salivarius 27098_8_152
Streptococcus_34446,95.146,Streptococcus salivarius 27098_8_153
Streptococcus_34446,95.146,Streptococcus n.sp. 27098_8_74
Streptococcus_34446,97.087,Streptococcus n.sp. 20925_1_22
Streptococcus_34446,97.087,Streptococcus n.sp. 27098_8_134
Streptococcus_34446,97.087,Streptococcus sanguinis 27098_8_181
Streptococcus_34446,97.087,Streptococcus n.sp. 27098_8_82
Streptococcus_34447,99.029,Streptococcus chosunense 27098_8_53
Streptococcus_34447,99.029,Streptococcus n.sp. 27098_8_86
Streptococcus_34447,97.087,Streptococcus n.sp. 27098_8_113
Streptococcus_34447,97.087,Streptococcus n.sp. 27098_8_73
Streptococcus_34447,96.602,Streptococcus gordonii 27098_8_101
Streptococcus_34447,96.602,Streptococcus n.sp. 27098_8_75
Streptococcus_34447,99.029,Streptococcus n.sp. 20925_1_44
Streptococcus_34447,99.029,Streptococcus n.sp. 27098_8_22
Streptococcus_34447,99.029,Streptococcus n.sp. 27098_8_69
Streptococcus_34447,99.029,Streptococcus n.sp. 27098_8_91
Streptococcus_34447,99.029,Streptococcus n.sp. 20925_1_69
Streptococcus_34447,99.029,Streptococcus n.sp. 27098_8_103
Streptococcus_34447,99.029,Streptococcus n.sp. 27098_8_109
Streptococcus_34447,99.029,Streptococcus n.sp. 27098_8_76
Streptococcus_34447,99.029,Streptococcus mitis 27098_8_87
Streptococcus_34447,98.544,Streptococcus n.sp. 27098_8_23
Streptococcus_34447,99.029,Streptococcus n.sp. 27098_8_51
Streptococcus_34447,99.029,Streptococcus n.sp. 27098_8_70
Streptococcus_34447,97.087,Streptococcus parasanguinis 20925_1_10
Streptococcus_34447,97.087,Streptococcus n.sp. 20925_1_77
Streptococcus_34447,97.087,Streptococcus n.sp. 27098_8_12
Streptococcus_34447,97.087,Streptococcus parasanguinis 20925_1_143
Streptococcus_34447,97.087,Streptococcus n.sp. 27098_8_148
Streptococcus_34447,97.087,Streptococcus parasanguinis 27098_8_150
Streptococcus_34447,97.087,Streptococcus n.sp. 27098_8_177
Streptococcus_34447,97.087,Streptococcus n.sp. 27098_8_186
Streptococcus_34447,97.087,Streptococcus parasanguinis 27098_8_46
Streptococcus_34447,97.087,Streptococcus parasanguinis 27098_8_54
Streptococcus_34447,97.087,Streptococcus n.sp. 27098_8_66
Streptococcus_34447,97.087,Streptococcus n.sp. 27098_8_98
Streptococcus_34447,97.087,Streptococcus n.sp. 27098_8_99
Streptococcus_34447,99.029,Streptococcus pseudopneumoniae 20925_1_26
Streptococcus_34447,96.602,Streptococcus n.sp. 20925_1_22
Streptococcus_34447,96.602,Streptococcus n.sp. 27098_8_134
Streptococcus_34447,96.602,Streptococcus sanguinis 27098_8_181
Streptococcus_34447,96.602,Streptococcus n.sp. 27098_8_82
Streptococcus_34464,99.515,Streptococcus chosunense 27098_8_53
Streptococcus_34464,99.515,Streptococcus n.sp. 27098_8_86
Streptococcus_34464,97.573,Streptococcus n.sp. 27098_8_113
Streptococcus_34464,97.573,Streptococcus n.sp. 27098_8_73
Streptococcus_34464,97.087,Streptococcus gordonii 27098_8_101
Streptococcus_34464,97.087,Streptococcus n.sp. 27098_8_75
Streptococcus_34464,99.515,Streptococcus n.sp. 20925_1_44
Streptococcus_34464,99.515,Streptococcus n.sp. 27098_8_22
Streptococcus_34464,99.515,Streptococcus n.sp. 27098_8_69
Streptococcus_34464,99.515,Streptococcus n.sp. 27098_8_91
Streptococcus_34464,99.515,Streptococcus n.sp. 20925_1_69
Streptococcus_34464,99.515,Streptococcus n.sp. 27098_8_103
Streptococcus_34464,99.515,Streptococcus n.sp. 27098_8_109
Streptococcus_34464,99.515,Streptococcus n.sp. 27098_8_76
Streptococcus_34464,99.515,Streptococcus mitis 27098_8_87
Streptococcus_34464,99.029,Streptococcus n.sp. 27098_8_23
Streptococcus_34464,99.515,Streptococcus n.sp. 27098_8_51
Streptococcus_34464,99.515,Streptococcus n.sp. 27098_8_70
Streptococcus_34464,97.573,Streptococcus parasanguinis 20925_1_10
Streptococcus_34464,97.573,Streptococcus n.sp. 20925_1_77
Streptococcus_34464,97.573,Streptococcus n.sp. 27098_8_12
Streptococcus_34464,97.573,Streptococcus parasanguinis 20925_1_143
Streptococcus_34464,97.573,Streptococcus n.sp. 27098_8_148
Streptococcus_34464,97.573,Streptococcus parasanguinis 27098_8_150
Streptococcus_34464,97.573,Streptococcus n.sp. 27098_8_177
Streptococcus_34464,97.573,Streptococcus n.sp. 27098_8_186
Streptococcus_34464,97.573,Streptococcus parasanguinis 27098_8_46
Streptococcus_34464,97.573,Streptococcus parasanguinis 27098_8_54
Streptococcus_34464,97.573,Streptococcus n.sp. 27098_8_66
Streptococcus_34464,97.573,Streptococcus n.sp. 27098_8_98
Streptococcus_34464,97.573,Streptococcus n.sp. 27098_8_99
Streptococcus_34464,99.515,Streptococcus pseudopneumoniae 20925_1_26
Streptococcus_34464,97.087,Streptococcus n.sp. 20925_1_22
Streptococcus_34464,97.087,Streptococcus n.sp. 27098_8_134
Streptococcus_34464,97.087,Streptococcus sanguinis 27098_8_181
Streptococcus_34464,97.087,Streptococcus n.sp. 27098_8_82
Streptococcus_34465,99.029,Streptococcus chosunense 27098_8_53
Streptococcus_34465,99.029,Streptococcus n.sp. 27098_8_86
Streptococcus_34465,97.087,Streptococcus n.sp. 27098_8_113
Streptococcus_34465,97.087,Streptococcus n.sp. 27098_8_73
Streptococcus_34465,96.602,Streptococcus gordonii 27098_8_101
Streptococcus_34465,96.602,Streptococcus n.sp. 27098_8_75
Streptococcus_34465,99.029,Streptococcus n.sp. 20925_1_44
Streptococcus_34465,99.029,Streptococcus n.sp. 27098_8_22
Streptococcus_34465,99.029,Streptococcus n.sp. 27098_8_69
Streptococcus_34465,99.029,Streptococcus n.sp. 27098_8_91
Streptococcus_34465,99.029,Streptococcus n.sp. 20925_1_69
Streptococcus_34465,99.029,Streptococcus n.sp. 27098_8_103
Streptococcus_34465,99.029,Streptococcus n.sp. 27098_8_109
Streptococcus_34465,99.029,Streptococcus n.sp. 27098_8_76
Streptococcus_34465,99.029,Streptococcus mitis 27098_8_87
Streptococcus_34465,98.544,Streptococcus n.sp. 27098_8_23
Streptococcus_34465,99.029,Streptococcus n.sp. 27098_8_51
Streptococcus_34465,99.029,Streptococcus n.sp. 27098_8_70
Streptococcus_34465,97.087,Streptococcus parasanguinis 20925_1_10
Streptococcus_34465,97.087,Streptococcus n.sp. 20925_1_77
Streptococcus_34465,97.087,Streptococcus n.sp. 27098_8_12
Streptococcus_34465,97.087,Streptococcus parasanguinis 20925_1_143
Streptococcus_34465,97.087,Streptococcus n.sp. 27098_8_148
Streptococcus_34465,97.087,Streptococcus parasanguinis 27098_8_150
Streptococcus_34465,97.087,Streptococcus n.sp. 27098_8_177
Streptococcus_34465,97.087,Streptococcus n.sp. 27098_8_186
Streptococcus_34465,97.087,Streptococcus parasanguinis 27098_8_46
Streptococcus_34465,97.087,Streptococcus parasanguinis 27098_8_54
Streptococcus_34465,97.087,Streptococcus n.sp. 27098_8_66
Streptococcus_34465,97.087,Streptococcus n.sp. 27098_8_98
Streptococcus_34465,97.087,Streptococcus n.sp. 27098_8_99
Streptococcus_34465,99.029,Streptococcus pseudopneumoniae 20925_1_26
Streptococcus_34465,97.573,Streptococcus n.sp. 20925_1_22
Streptococcus_34465,97.573,Streptococcus n.sp. 27098_8_134
Streptococcus_34465,97.573,Streptococcus sanguinis 27098_8_181
Streptococcus_34465,97.573,Streptococcus n.sp. 27098_8_82
Streptococcus_34466,99.029,Streptococcus chosunense 27098_8_53
Streptococcus_34466,99.029,Streptococcus n.sp. 27098_8_86
Streptococcus_34466,95.146,Streptococcus constellatus 20925_1_21
Streptococcus_34466,97.087,Streptococcus n.sp. 27098_8_113
Streptococcus_34466,97.087,Streptococcus n.sp. 27098_8_73
Streptococcus_34466,97.573,Streptococcus gordonii 27098_8_101
Streptococcus_34466,97.573,Streptococcus n.sp. 27098_8_75
Streptococcus_34466,99.029,Streptococcus n.sp. 20925_1_44
Streptococcus_34466,99.029,Streptococcus n.sp. 27098_8_22
Streptococcus_34466,99.029,Streptococcus n.sp. 27098_8_69
Streptococcus_34466,99.029,Streptococcus n.sp. 27098_8_91
Streptococcus_34466,99.029,Streptococcus n.sp. 20925_1_69
Streptococcus_34466,99.029,Streptococcus n.sp. 27098_8_103
Streptococcus_34466,99.029,Streptococcus n.sp. 27098_8_109
Streptococcus_34466,99.029,Streptococcus n.sp. 27098_8_76
Streptococcus_34466,99.029,Streptococcus mitis 27098_8_87
Streptococcus_34466,98.544,Streptococcus n.sp. 27098_8_23
Streptococcus_34466,99.029,Streptococcus n.sp. 27098_8_51
Streptococcus_34466,99.029,Streptococcus n.sp. 27098_8_70
Streptococcus_34466,97.087,Streptococcus parasanguinis 20925_1_10
Streptococcus_34466,97.087,Streptococcus n.sp. 20925_1_77
Streptococcus_34466,97.087,Streptococcus n.sp. 27098_8_12
Streptococcus_34466,97.087,Streptococcus parasanguinis 20925_1_143
Streptococcus_34466,97.087,Streptococcus n.sp. 27098_8_148
Streptococcus_34466,97.087,Streptococcus parasanguinis 27098_8_150
Streptococcus_34466,97.087,Streptococcus n.sp. 27098_8_177
Streptococcus_34466,97.087,Streptococcus n.sp. 27098_8_186
Streptococcus_34466,97.087,Streptococcus parasanguinis 27098_8_46
Streptococcus_34466,97.087,Streptococcus parasanguinis 27098_8_54
Streptococcus_34466,97.087,Streptococcus n.sp. 27098_8_66
Streptococcus_34466,97.087,Streptococcus n.sp. 27098_8_98
Streptococcus_34466,97.087,Streptococcus n.sp. 27098_8_99
Streptococcus_34466,99.029,Streptococcus pseudopneumoniae 20925_1_26
Streptococcus_34466,95.146,Streptococcus salivarius 20925_1_11
Streptococcus_34466,95.146,Streptococcus salivarius 20925_1_13
Streptococcus_34466,95.146,Streptococcus salivarius 27098_8_110
Streptococcus_34466,95.146,Streptococcus salivarius 27098_8_117
Streptococcus_34466,95.146,Streptococcus salivarius 27098_8_119
Streptococcus_34466,95.146,Streptococcus salivarius 27098_8_152
Streptococcus_34466,95.146,Streptococcus salivarius 27098_8_153
Streptococcus_34466,95.146,Streptococcus n.sp. 27098_8_74
Streptococcus_34466,96.602,Streptococcus n.sp. 20925_1_22
Streptococcus_34466,96.602,Streptococcus n.sp. 27098_8_134
Streptococcus_34466,96.602,Streptococcus sanguinis 27098_8_181
Streptococcus_34466,96.602,Streptococcus n.sp. 27098_8_82
Streptococcus_34469,99.515,Streptococcus chosunense 27098_8_53
Streptococcus_34469,99.515,Streptococcus n.sp. 27098_8_86
Streptococcus_34469,97.573,Streptococcus n.sp. 27098_8_113
Streptococcus_34469,97.573,Streptococcus n.sp. 27098_8_73
Streptococcus_34469,97.087,Streptococcus gordonii 27098_8_101
Streptococcus_34469,97.087,Streptococcus n.sp. 27098_8_75
Streptococcus_34469,99.515,Streptococcus n.sp. 20925_1_44
Streptococcus_34469,99.515,Streptococcus n.sp. 27098_8_22
Streptococcus_34469,99.515,Streptococcus n.sp. 27098_8_69
Streptococcus_34469,99.515,Streptococcus n.sp. 27098_8_91
Streptococcus_34469,99.515,Streptococcus n.sp. 20925_1_69
Streptococcus_34469,99.515,Streptococcus n.sp. 27098_8_103
Streptococcus_34469,99.515,Streptococcus n.sp. 27098_8_109
Streptococcus_34469,99.515,Streptococcus n.sp. 27098_8_76
Streptococcus_34469,99.515,Streptococcus mitis 27098_8_87
Streptococcus_34469,99.029,Streptococcus n.sp. 27098_8_23
Streptococcus_34469,99.515,Streptococcus n.sp. 27098_8_51
Streptococcus_34469,99.515,Streptococcus n.sp. 27098_8_70
Streptococcus_34469,97.573,Streptococcus parasanguinis 20925_1_10
Streptococcus_34469,97.573,Streptococcus n.sp. 20925_1_77
Streptococcus_34469,97.573,Streptococcus n.sp. 27098_8_12
Streptococcus_34469,97.573,Streptococcus parasanguinis 20925_1_143
Streptococcus_34469,97.573,Streptococcus n.sp. 27098_8_148
Streptococcus_34469,97.573,Streptococcus parasanguinis 27098_8_150
Streptococcus_34469,97.573,Streptococcus n.sp. 27098_8_177
Streptococcus_34469,97.573,Streptococcus n.sp. 27098_8_186
Streptococcus_34469,97.573,Streptococcus parasanguinis 27098_8_46
Streptococcus_34469,97.573,Streptococcus parasanguinis 27098_8_54
Streptococcus_34469,97.573,Streptococcus n.sp. 27098_8_66
Streptococcus_34469,97.573,Streptococcus n.sp. 27098_8_98
Streptococcus_34469,97.573,Streptococcus n.sp. 27098_8_99
Streptococcus_34469,99.515,Streptococcus pseudopneumoniae 20925_1_26
Streptococcus_34469,97.087,Streptococcus n.sp. 20925_1_22
Streptococcus_34469,97.087,Streptococcus n.sp. 27098_8_134
Streptococcus_34469,97.087,Streptococcus sanguinis 27098_8_181
Streptococcus_34469,97.087,Streptococcus n.sp. 27098_8_82
Streptococcus_34473,99.029,Streptococcus chosunense 27098_8_53
Streptococcus_34473,99.029,Streptococcus n.sp. 27098_8_86
Streptococcus_34473,95.146,Streptococcus constellatus 20925_1_21
Streptococcus_34473,97.087,Streptococcus n.sp. 27098_8_113
Streptococcus_34473,97.087,Streptococcus n.sp. 27098_8_73
Streptococcus_34473,96.602,Streptococcus gordonii 27098_8_101
Streptococcus_34473,96.602,Streptococcus n.sp. 27098_8_75
Streptococcus_34473,99.029,Streptococcus n.sp. 20925_1_44
Streptococcus_34473,99.029,Streptococcus n.sp. 27098_8_22
Streptococcus_34473,99.029,Streptococcus n.sp. 27098_8_69
Streptococcus_34473,99.029,Streptococcus n.sp. 27098_8_91
Streptococcus_34473,99.029,Streptococcus n.sp. 20925_1_69
Streptococcus_34473,99.029,Streptococcus n.sp. 27098_8_103
Streptococcus_34473,99.029,Streptococcus n.sp. 27098_8_109
Streptococcus_34473,99.029,Streptococcus n.sp. 27098_8_76
Streptococcus_34473,99.029,Streptococcus mitis 27098_8_87
Streptococcus_34473,98.544,Streptococcus n.sp. 27098_8_23
Streptococcus_34473,99.029,Streptococcus n.sp. 27098_8_51
Streptococcus_34473,99.029,Streptococcus n.sp. 27098_8_70
Streptococcus_34473,97.087,Streptococcus parasanguinis 20925_1_10
Streptococcus_34473,97.087,Streptococcus n.sp. 20925_1_77
Streptococcus_34473,97.087,Streptococcus n.sp. 27098_8_12
Streptococcus_34473,97.087,Streptococcus parasanguinis 20925_1_143
Streptococcus_34473,97.087,Streptococcus n.sp. 27098_8_148
Streptococcus_34473,97.087,Streptococcus parasanguinis 27098_8_150
Streptococcus_34473,97.087,Streptococcus n.sp. 27098_8_177
Streptococcus_34473,97.087,Streptococcus n.sp. 27098_8_186
Streptococcus_34473,97.087,Streptococcus parasanguinis 27098_8_46
Streptococcus_34473,97.087,Streptococcus parasanguinis 27098_8_54
Streptococcus_34473,97.087,Streptococcus n.sp. 27098_8_66
Streptococcus_34473,97.087,Streptococcus n.sp. 27098_8_98
Streptococcus_34473,97.087,Streptococcus n.sp. 27098_8_99
Streptococcus_34473,99.029,Streptococcus pseudopneumoniae 20925_1_26
Streptococcus_34473,97.087,Streptococcus n.sp. 20925_1_22
Streptococcus_34473,97.087,Streptococcus n.sp. 27098_8_134
Streptococcus_34473,97.087,Streptococcus sanguinis 27098_8_181
Streptococcus_34473,97.087,Streptococcus n.sp. 27098_8_82
Streptococcus_34474,99.515,Streptococcus chosunense 27098_8_53
Streptococcus_34474,99.515,Streptococcus n.sp. 27098_8_86
Streptococcus_34474,97.573,Streptococcus n.sp. 27098_8_113
Streptococcus_34474,97.573,Streptococcus n.sp. 27098_8_73
Streptococcus_34474,97.087,Streptococcus gordonii 27098_8_101
Streptococcus_34474,97.087,Streptococcus n.sp. 27098_8_75
Streptococcus_34474,99.515,Streptococcus n.sp. 20925_1_44
Streptococcus_34474,99.515,Streptococcus n.sp. 27098_8_22
Streptococcus_34474,99.515,Streptococcus n.sp. 27098_8_69
Streptococcus_34474,99.515,Streptococcus n.sp. 27098_8_91
Streptococcus_34474,99.515,Streptococcus n.sp. 20925_1_69
Streptococcus_34474,99.515,Streptococcus n.sp. 27098_8_103
Streptococcus_34474,99.515,Streptococcus n.sp. 27098_8_109
Streptococcus_34474,99.515,Streptococcus n.sp. 27098_8_76
Streptococcus_34474,99.515,Streptococcus mitis 27098_8_87
Streptococcus_34474,99.029,Streptococcus n.sp. 27098_8_23
Streptococcus_34474,99.515,Streptococcus n.sp. 27098_8_51
Streptococcus_34474,99.515,Streptococcus n.sp. 27098_8_70
Streptococcus_34474,97.573,Streptococcus parasanguinis 20925_1_10
Streptococcus_34474,97.573,Streptococcus n.sp. 20925_1_77
Streptococcus_34474,97.573,Streptococcus n.sp. 27098_8_12
Streptococcus_34474,97.573,Streptococcus parasanguinis 20925_1_143
Streptococcus_34474,97.573,Streptococcus n.sp. 27098_8_148
Streptococcus_34474,97.573,Streptococcus parasanguinis 27098_8_150
Streptococcus_34474,97.573,Streptococcus n.sp. 27098_8_177
Streptococcus_34474,97.573,Streptococcus n.sp. 27098_8_186
Streptococcus_34474,97.573,Streptococcus parasanguinis 27098_8_46
Streptococcus_34474,97.573,Streptococcus parasanguinis 27098_8_54
Streptococcus_34474,97.573,Streptococcus n.sp. 27098_8_66
Streptococcus_34474,97.573,Streptococcus n.sp. 27098_8_98
Streptococcus_34474,97.573,Streptococcus n.sp. 27098_8_99
Streptococcus_34474,99.515,Streptococcus pseudopneumoniae 20925_1_26
Streptococcus_34474,97.087,Streptococcus n.sp. 20925_1_22
Streptococcus_34474,97.087,Streptococcus n.sp. 27098_8_134
Streptococcus_34474,97.087,Streptococcus sanguinis 27098_8_181
Streptococcus_34474,97.087,Streptococcus n.sp. 27098_8_82
Streptococcus_34476,99.515,Streptococcus chosunense 27098_8_53
Streptococcus_34476,99.515,Streptococcus n.sp. 27098_8_86
Streptococcus_34476,97.573,Streptococcus n.sp. 27098_8_113
Streptococcus_34476,97.573,Streptococcus n.sp. 27098_8_73
Streptococcus_34476,97.087,Streptococcus gordonii 27098_8_101
Streptococcus_34476,97.087,Streptococcus n.sp. 27098_8_75
Streptococcus_34476,99.515,Streptococcus n.sp. 20925_1_44
Streptococcus_34476,99.515,Streptococcus n.sp. 27098_8_22
Streptococcus_34476,99.515,Streptococcus n.sp. 27098_8_69
Streptococcus_34476,99.515,Streptococcus n.sp. 27098_8_91
Streptococcus_34476,99.515,Streptococcus n.sp. 20925_1_69
Streptococcus_34476,99.515,Streptococcus n.sp. 27098_8_103
Streptococcus_34476,99.515,Streptococcus n.sp. 27098_8_109
Streptococcus_34476,99.515,Streptococcus n.sp. 27098_8_76
Streptococcus_34476,99.515,Streptococcus mitis 27098_8_87
Streptococcus_34476,99.029,Streptococcus n.sp. 27098_8_23
Streptococcus_34476,99.515,Streptococcus n.sp. 27098_8_51
Streptococcus_34476,99.515,Streptococcus n.sp. 27098_8_70
Streptococcus_34476,97.573,Streptococcus parasanguinis 20925_1_10
Streptococcus_34476,97.573,Streptococcus n.sp. 20925_1_77
Streptococcus_34476,97.573,Streptococcus n.sp. 27098_8_12
Streptococcus_34476,97.573,Streptococcus parasanguinis 20925_1_143
Streptococcus_34476,97.573,Streptococcus n.sp. 27098_8_148
Streptococcus_34476,97.573,Streptococcus parasanguinis 27098_8_150
Streptococcus_34476,97.573,Streptococcus n.sp. 27098_8_177
Streptococcus_34476,97.573,Streptococcus n.sp. 27098_8_186
Streptococcus_34476,97.573,Streptococcus parasanguinis 27098_8_46
Streptococcus_34476,97.573,Streptococcus parasanguinis 27098_8_54
Streptococcus_34476,97.573,Streptococcus n.sp. 27098_8_66
Streptococcus_34476,97.573,Streptococcus n.sp. 27098_8_98
Streptococcus_34476,97.573,Streptococcus n.sp. 27098_8_99
Streptococcus_34476,99.515,Streptococcus pseudopneumoniae 20925_1_26
Streptococcus_34476,97.087,Streptococcus n.sp. 20925_1_22
Streptococcus_34476,97.087,Streptococcus n.sp. 27098_8_134
Streptococcus_34476,97.087,Streptococcus sanguinis 27098_8_181
Streptococcus_34476,97.087,Streptococcus n.sp. 27098_8_82
Streptococcus_34480,99.515,Streptococcus chosunense 27098_8_53
Streptococcus_34480,99.515,Streptococcus n.sp. 27098_8_86
Streptococcus_34480,97.573,Streptococcus n.sp. 27098_8_113
Streptococcus_34480,97.573,Streptococcus n.sp. 27098_8_73
Streptococcus_34480,97.087,Streptococcus gordonii 27098_8_101
Streptococcus_34480,97.087,Streptococcus n.sp. 27098_8_75
Streptococcus_34480,99.515,Streptococcus n.sp. 20925_1_44
Streptococcus_34480,99.515,Streptococcus n.sp. 27098_8_22
Streptococcus_34480,99.515,Streptococcus n.sp. 27098_8_69
Streptococcus_34480,99.515,Streptococcus n.sp. 27098_8_91
Streptococcus_34480,99.515,Streptococcus n.sp. 20925_1_69
Streptococcus_34480,99.515,Streptococcus n.sp. 27098_8_103
Streptococcus_34480,99.515,Streptococcus n.sp. 27098_8_109
Streptococcus_34480,99.515,Streptococcus n.sp. 27098_8_76
Streptococcus_34480,99.515,Streptococcus mitis 27098_8_87
Streptococcus_34480,99.029,Streptococcus n.sp. 27098_8_23
Streptococcus_34480,99.515,Streptococcus n.sp. 27098_8_51
Streptococcus_34480,99.515,Streptococcus n.sp. 27098_8_70
Streptococcus_34480,97.573,Streptococcus parasanguinis 20925_1_10
Streptococcus_34480,97.573,Streptococcus n.sp. 20925_1_77
Streptococcus_34480,97.573,Streptococcus n.sp. 27098_8_12
Streptococcus_34480,97.573,Streptococcus parasanguinis 20925_1_143
Streptococcus_34480,97.573,Streptococcus n.sp. 27098_8_148
Streptococcus_34480,97.573,Streptococcus parasanguinis 27098_8_150
Streptococcus_34480,97.573,Streptococcus n.sp. 27098_8_177
Streptococcus_34480,97.573,Streptococcus n.sp. 27098_8_186
Streptococcus_34480,97.573,Streptococcus parasanguinis 27098_8_46
Streptococcus_34480,97.573,Streptococcus parasanguinis 27098_8_54
Streptococcus_34480,97.573,Streptococcus n.sp. 27098_8_66
Streptococcus_34480,97.573,Streptococcus n.sp. 27098_8_98
Streptococcus_34480,97.573,Streptococcus n.sp. 27098_8_99
Streptococcus_34480,99.515,Streptococcus pseudopneumoniae 20925_1_26
Streptococcus_34480,97.087,Streptococcus n.sp. 20925_1_22
Streptococcus_34480,97.087,Streptococcus n.sp. 27098_8_134
Streptococcus_34480,97.087,Streptococcus sanguinis 27098_8_181
Streptococcus_34480,97.087,Streptococcus n.sp. 27098_8_82
Streptococcus_34481,99.515,Streptococcus chosunense 27098_8_53
Streptococcus_34481,99.515,Streptococcus n.sp. 27098_8_86
Streptococcus_34481,97.573,Streptococcus n.sp. 27098_8_113
Streptococcus_34481,97.573,Streptococcus n.sp. 27098_8_73
Streptococcus_34481,97.087,Streptococcus gordonii 27098_8_101
Streptococcus_34481,97.087,Streptococcus n.sp. 27098_8_75
Streptococcus_34481,99.515,Streptococcus n.sp. 20925_1_44
Streptococcus_34481,99.515,Streptococcus n.sp. 27098_8_22
Streptococcus_34481,99.515,Streptococcus n.sp. 27098_8_69
Streptococcus_34481,99.515,Streptococcus n.sp. 27098_8_91
Streptococcus_34481,99.515,Streptococcus n.sp. 20925_1_69
Streptococcus_34481,99.515,Streptococcus n.sp. 27098_8_103
Streptococcus_34481,99.515,Streptococcus n.sp. 27098_8_109
Streptococcus_34481,99.515,Streptococcus n.sp. 27098_8_76
Streptococcus_34481,99.515,Streptococcus mitis 27098_8_87
Streptococcus_34481,99.029,Streptococcus n.sp. 27098_8_23
Streptococcus_34481,99.515,Streptococcus n.sp. 27098_8_51
Streptococcus_34481,99.515,Streptococcus n.sp. 27098_8_70
Streptococcus_34481,97.573,Streptococcus parasanguinis 20925_1_10
Streptococcus_34481,97.573,Streptococcus n.sp. 20925_1_77
Streptococcus_34481,97.573,Streptococcus n.sp. 27098_8_12
Streptococcus_34481,97.573,Streptococcus parasanguinis 20925_1_143
Streptococcus_34481,97.573,Streptococcus n.sp. 27098_8_148
Streptococcus_34481,97.573,Streptococcus parasanguinis 27098_8_150
Streptococcus_34481,97.573,Streptococcus n.sp. 27098_8_177
Streptococcus_34481,97.573,Streptococcus n.sp. 27098_8_186
Streptococcus_34481,97.573,Streptococcus parasanguinis 27098_8_46
Streptococcus_34481,97.573,Streptococcus parasanguinis 27098_8_54
Streptococcus_34481,97.573,Streptococcus n.sp. 27098_8_66
Streptococcus_34481,97.573,Streptococcus n.sp. 27098_8_98
Streptococcus_34481,97.573,Streptococcus n.sp. 27098_8_99
Streptococcus_34481,99.515,Streptococcus pseudopneumoniae 20925_1_26
Streptococcus_34481,97.087,Streptococcus n.sp. 20925_1_22
Streptococcus_34481,97.087,Streptococcus n.sp. 27098_8_134
Streptococcus_34481,97.087,Streptococcus sanguinis 27098_8_181
Streptococcus_34481,97.087,Streptococcus n.sp. 27098_8_82
Streptococcus_34482,,no_isolate
Streptococcus_34484,99.515,Streptococcus chosunense 27098_8_53
Streptococcus_34484,99.515,Streptococcus n.sp. 27098_8_86
Streptococcus_34484,97.573,Streptococcus n.sp. 27098_8_113
Streptococcus_34484,97.573,Streptococcus n.sp. 27098_8_73
Streptococcus_34484,97.087,Streptococcus gordonii 27098_8_101
Streptococcus_34484,97.087,Streptococcus n.sp. 27098_8_75
Streptococcus_34484,99.515,Streptococcus n.sp. 20925_1_44
Streptococcus_34484,99.515,Streptococcus n.sp. 27098_8_22
Streptococcus_34484,99.515,Streptococcus n.sp. 27098_8_69
Streptococcus_34484,99.515,Streptococcus n.sp. 27098_8_91
Streptococcus_34484,99.515,Streptococcus n.sp. 20925_1_69
Streptococcus_34484,99.515,Streptococcus n.sp. 27098_8_103
Streptococcus_34484,99.515,Streptococcus n.sp. 27098_8_109
Streptococcus_34484,99.515,Streptococcus n.sp. 27098_8_76
Streptococcus_34484,99.515,Streptococcus mitis 27098_8_87
Streptococcus_34484,99.029,Streptococcus n.sp. 27098_8_23
Streptococcus_34484,99.515,Streptococcus n.sp. 27098_8_51
Streptococcus_34484,99.515,Streptococcus n.sp. 27098_8_70
Streptococcus_34484,97.573,Streptococcus parasanguinis 20925_1_10
Streptococcus_34484,97.573,Streptococcus n.sp. 20925_1_77
Streptococcus_34484,97.573,Streptococcus n.sp. 27098_8_12
Streptococcus_34484,97.573,Streptococcus parasanguinis 20925_1_143
Streptococcus_34484,97.573,Streptococcus n.sp. 27098_8_148
Streptococcus_34484,97.573,Streptococcus parasanguinis 27098_8_150
Streptococcus_34484,97.573,Streptococcus n.sp. 27098_8_177
Streptococcus_34484,97.573,Streptococcus n.sp. 27098_8_186
Streptococcus_34484,97.573,Streptococcus parasanguinis 27098_8_46
Streptococcus_34484,97.573,Streptococcus parasanguinis 27098_8_54
Streptococcus_34484,97.573,Streptococcus n.sp. 27098_8_66
Streptococcus_34484,97.573,Streptococcus n.sp. 27098_8_98
Streptococcus_34484,97.573,Streptococcus n.sp. 27098_8_99
Streptococcus_34484,99.515,Streptococcus pseudopneumoniae 20925_1_26
Streptococcus_34484,97.087,Streptococcus n.sp. 20925_1_22
Streptococcus_34484,97.087,Streptococcus n.sp. 27098_8_134
Streptococcus_34484,97.087,Streptococcus sanguinis 27098_8_181
Streptococcus_34484,97.087,Streptococcus n.sp. 27098_8_82
Streptococcus_34485,99.515,Streptococcus chosunense 27098_8_53
Streptococcus_34485,99.515,Streptococcus n.sp. 27098_8_86
Streptococcus_34485,97.573,Streptococcus n.sp. 27098_8_113
Streptococcus_34485,97.573,Streptococcus n.sp. 27098_8_73
Streptococcus_34485,97.087,Streptococcus gordonii 27098_8_101
Streptococcus_34485,97.087,Streptococcus n.sp. 27098_8_75
Streptococcus_34485,99.515,Streptococcus n.sp. 20925_1_44
Streptococcus_34485,99.515,Streptococcus n.sp. 27098_8_22
Streptococcus_34485,99.515,Streptococcus n.sp. 27098_8_69
Streptococcus_34485,99.515,Streptococcus n.sp. 27098_8_91
Streptococcus_34485,99.515,Streptococcus n.sp. 20925_1_69
Streptococcus_34485,99.515,Streptococcus n.sp. 27098_8_103
Streptococcus_34485,99.515,Streptococcus n.sp. 27098_8_109
Streptococcus_34485,99.515,Streptococcus n.sp. 27098_8_76
Streptococcus_34485,99.515,Streptococcus mitis 27098_8_87
Streptococcus_34485,99.029,Streptococcus n.sp. 27098_8_23
Streptococcus_34485,99.515,Streptococcus n.sp. 27098_8_51
Streptococcus_34485,99.515,Streptococcus n.sp. 27098_8_70
Streptococcus_34485,97.573,Streptococcus parasanguinis 20925_1_10
Streptococcus_34485,97.573,Streptococcus n.sp. 20925_1_77
Streptococcus_34485,97.573,Streptococcus n.sp. 27098_8_12
Streptococcus_34485,97.573,Streptococcus parasanguinis 20925_1_143
Streptococcus_34485,97.573,Streptococcus n.sp. 27098_8_148
Streptococcus_34485,97.573,Streptococcus parasanguinis 27098_8_150
Streptococcus_34485,97.573,Streptococcus n.sp. 27098_8_177
Streptococcus_34485,97.573,Streptococcus n.sp. 27098_8_186
Streptococcus_34485,97.573,Streptococcus parasanguinis 27098_8_46
Streptococcus_34485,97.573,Streptococcus parasanguinis 27098_8_54
Streptococcus_34485,97.573,Streptococcus n.sp. 27098_8_66
Streptococcus_34485,97.573,Streptococcus n.sp. 27098_8_98
Streptococcus_34485,97.573,Streptococcus n.sp. 27098_8_99
Streptococcus_34485,99.515,Streptococcus pseudopneumoniae 20925_1_26
Streptococcus_34485,97.087,Streptococcus n.sp. 20925_1_22
Streptococcus_34485,97.087,Streptococcus n.sp. 27098_8_134
Streptococcus_34485,97.087,Streptococcus sanguinis 27098_8_181
Streptococcus_34485,97.087,Streptococcus n.sp. 27098_8_82
Streptococcus_34486,99.029,Streptococcus chosunense 27098_8_53
Streptococcus_34486,99.029,Streptococcus n.sp. 27098_8_86
Streptococcus_34486,97.087,Streptococcus n.sp. 27098_8_113
Streptococcus_34486,97.087,Streptococcus n.sp. 27098_8_73
Streptococcus_34486,96.602,Streptococcus gordonii 27098_8_101
Streptococcus_34486,96.602,Streptococcus n.sp. 27098_8_75
Streptococcus_34486,99.029,Streptococcus n.sp. 20925_1_44
Streptococcus_34486,99.029,Streptococcus n.sp. 27098_8_22
Streptococcus_34486,99.029,Streptococcus n.sp. 27098_8_69
Streptococcus_34486,99.029,Streptococcus n.sp. 27098_8_91
Streptococcus_34486,99.029,Streptococcus n.sp. 20925_1_69
Streptococcus_34486,99.029,Streptococcus n.sp. 27098_8_103
Streptococcus_34486,99.029,Streptococcus n.sp. 27098_8_109
Streptococcus_34486,99.029,Streptococcus n.sp. 27098_8_76
Streptococcus_34486,99.029,Streptococcus mitis 27098_8_87
Streptococcus_34486,98.544,Streptococcus n.sp. 27098_8_23
Streptococcus_34486,99.029,Streptococcus n.sp. 27098_8_51
Streptococcus_34486,99.029,Streptococcus n.sp. 27098_8_70
Streptococcus_34486,97.087,Streptococcus parasanguinis 20925_1_10
Streptococcus_34486,97.087,Streptococcus n.sp. 20925_1_77
Streptococcus_34486,97.087,Streptococcus n.sp. 27098_8_12
Streptococcus_34486,97.087,Streptococcus parasanguinis 20925_1_143
Streptococcus_34486,97.087,Streptococcus n.sp. 27098_8_148
Streptococcus_34486,97.087,Streptococcus parasanguinis 27098_8_150
Streptococcus_34486,97.087,Streptococcus n.sp. 27098_8_177
Streptococcus_34486,97.087,Streptococcus n.sp. 27098_8_186
Streptococcus_34486,97.087,Streptococcus parasanguinis 27098_8_46
Streptococcus_34486,97.087,Streptococcus parasanguinis 27098_8_54
Streptococcus_34486,97.087,Streptococcus n.sp. 27098_8_66
Streptococcus_34486,97.087,Streptococcus n.sp. 27098_8_98
Streptococcus_34486,97.087,Streptococcus n.sp. 27098_8_99
Streptococcus_34486,99.029,Streptococcus pseudopneumoniae 20925_1_26
Streptococcus_34486,96.602,Streptococcus n.sp. 20925_1_22
Streptococcus_34486,96.602,Streptococcus n.sp. 27098_8_134
Streptococcus_34486,96.602,Streptococcus sanguinis 27098_8_181
Streptococcus_34486,96.602,Streptococcus n.sp. 27098_8_82
Streptococcus_34487,99.515,Streptococcus chosunense 27098_8_53
Streptococcus_34487,99.515,Streptococcus n.sp. 27098_8_86
Streptococcus_34487,97.573,Streptococcus n.sp. 27098_8_113
Streptococcus_34487,97.573,Streptococcus n.sp. 27098_8_73
Streptococcus_34487,97.087,Streptococcus gordonii 27098_8_101
Streptococcus_34487,97.087,Streptococcus n.sp. 27098_8_75
Streptococcus_34487,99.515,Streptococcus n.sp. 20925_1_44
Streptococcus_34487,99.515,Streptococcus n.sp. 27098_8_22
Streptococcus_34487,99.515,Streptococcus n.sp. 27098_8_69
Streptococcus_34487,99.515,Streptococcus n.sp. 27098_8_91
Streptococcus_34487,99.515,Streptococcus n.sp. 20925_1_69
Streptococcus_34487,99.515,Streptococcus n.sp. 27098_8_103
Streptococcus_34487,99.515,Streptococcus n.sp. 27098_8_109
Streptococcus_34487,99.515,Streptococcus n.sp. 27098_8_76
Streptococcus_34487,99.515,Streptococcus mitis 27098_8_87
Streptococcus_34487,99.029,Streptococcus n.sp. 27098_8_23
Streptococcus_34487,99.515,Streptococcus n.sp. 27098_8_51
Streptococcus_34487,99.515,Streptococcus n.sp. 27098_8_70
Streptococcus_34487,97.573,Streptococcus parasanguinis 20925_1_10
Streptococcus_34487,97.573,Streptococcus n.sp. 20925_1_77
Streptococcus_34487,97.573,Streptococcus n.sp. 27098_8_12
Streptococcus_34487,97.573,Streptococcus parasanguinis 20925_1_143
Streptococcus_34487,97.573,Streptococcus n.sp. 27098_8_148
Streptococcus_34487,97.573,Streptococcus parasanguinis 27098_8_150
Streptococcus_34487,97.573,Streptococcus n.sp. 27098_8_177
Streptococcus_34487,97.573,Streptococcus n.sp. 27098_8_186
Streptococcus_34487,97.573,Streptococcus parasanguinis 27098_8_46
Streptococcus_34487,97.573,Streptococcus parasanguinis 27098_8_54
Streptococcus_34487,97.573,Streptococcus n.sp. 27098_8_66
Streptococcus_34487,97.573,Streptococcus n.sp. 27098_8_98
Streptococcus_34487,97.573,Streptococcus n.sp. 27098_8_99
Streptococcus_34487,99.515,Streptococcus pseudopneumoniae 20925_1_26
Streptococcus_34487,97.087,Streptococcus n.sp. 20925_1_22
Streptococcus_34487,97.087,Streptococcus n.sp. 27098_8_134
Streptococcus_34487,97.087,Streptococcus sanguinis 27098_8_181
Streptococcus_34487,97.087,Streptococcus n.sp. 27098_8_82
Streptococcus_34493,99.515,Streptococcus chosunense 27098_8_53
Streptococcus_34493,99.515,Streptococcus n.sp. 27098_8_86
Streptococcus_34493,97.573,Streptococcus n.sp. 27098_8_113
Streptococcus_34493,97.573,Streptococcus n.sp. 27098_8_73
Streptococcus_34493,97.087,Streptococcus gordonii 27098_8_101
Streptococcus_34493,97.087,Streptococcus n.sp. 27098_8_75
Streptococcus_34493,99.515,Streptococcus n.sp. 20925_1_44
Streptococcus_34493,99.515,Streptococcus n.sp. 27098_8_22
Streptococcus_34493,99.515,Streptococcus n.sp. 27098_8_69
Streptococcus_34493,99.515,Streptococcus n.sp. 27098_8_91
Streptococcus_34493,99.515,Streptococcus n.sp. 20925_1_69
Streptococcus_34493,99.515,Streptococcus n.sp. 27098_8_103
Streptococcus_34493,99.515,Streptococcus n.sp. 27098_8_109
Streptococcus_34493,99.515,Streptococcus n.sp. 27098_8_76
Streptococcus_34493,99.515,Streptococcus mitis 27098_8_87
Streptococcus_34493,99.029,Streptococcus n.sp. 27098_8_23
Streptococcus_34493,99.515,Streptococcus n.sp. 27098_8_51
Streptococcus_34493,99.515,Streptococcus n.sp. 27098_8_70
Streptococcus_34493,97.573,Streptococcus parasanguinis 20925_1_10
Streptococcus_34493,97.573,Streptococcus n.sp. 20925_1_77
Streptococcus_34493,97.573,Streptococcus n.sp. 27098_8_12
Streptococcus_34493,97.573,Streptococcus parasanguinis 20925_1_143
Streptococcus_34493,97.573,Streptococcus n.sp. 27098_8_148
Streptococcus_34493,97.573,Streptococcus parasanguinis 27098_8_150
Streptococcus_34493,97.573,Streptococcus n.sp. 27098_8_177
Streptococcus_34493,97.573,Streptococcus n.sp. 27098_8_186
Streptococcus_34493,97.573,Streptococcus parasanguinis 27098_8_46
Streptococcus_34493,97.573,Streptococcus parasanguinis 27098_8_54
Streptococcus_34493,97.573,Streptococcus n.sp. 27098_8_66
Streptococcus_34493,97.573,Streptococcus n.sp. 27098_8_98
Streptococcus_34493,97.573,Streptococcus n.sp. 27098_8_99
Streptococcus_34493,99.515,Streptococcus pseudopneumoniae 20925_1_26
Streptococcus_34493,97.087,Streptococcus n.sp. 20925_1_22
Streptococcus_34493,97.087,Streptococcus n.sp. 27098_8_134
Streptococcus_34493,97.087,Streptococcus sanguinis 27098_8_181
Streptococcus_34493,97.087,Streptococcus n.sp. 27098_8_82
Streptococcus_34494,99.515,Streptococcus chosunense 27098_8_53
Streptococcus_34494,99.515,Streptococcus n.sp. 27098_8_86
Streptococcus_34494,97.573,Streptococcus n.sp. 27098_8_113
Streptococcus_34494,97.573,Streptococcus n.sp. 27098_8_73
Streptococcus_34494,97.087,Streptococcus gordonii 27098_8_101
Streptococcus_34494,97.087,Streptococcus n.sp. 27098_8_75
Streptococcus_34494,99.515,Streptococcus n.sp. 20925_1_44
Streptococcus_34494,99.515,Streptococcus n.sp. 27098_8_22
Streptococcus_34494,99.515,Streptococcus n.sp. 27098_8_69
Streptococcus_34494,99.515,Streptococcus n.sp. 27098_8_91
Streptococcus_34494,99.515,Streptococcus n.sp. 20925_1_69
Streptococcus_34494,99.515,Streptococcus n.sp. 27098_8_103
Streptococcus_34494,99.515,Streptococcus n.sp. 27098_8_109
Streptococcus_34494,99.515,Streptococcus n.sp. 27098_8_76
Streptococcus_34494,99.515,Streptococcus mitis 27098_8_87
Streptococcus_34494,99.029,Streptococcus n.sp. 27098_8_23
Streptococcus_34494,99.515,Streptococcus n.sp. 27098_8_51
Streptococcus_34494,99.515,Streptococcus n.sp. 27098_8_70
Streptococcus_34494,97.573,Streptococcus parasanguinis 20925_1_10
Streptococcus_34494,97.573,Streptococcus n.sp. 20925_1_77
Streptococcus_34494,97.573,Streptococcus n.sp. 27098_8_12
Streptococcus_34494,97.573,Streptococcus parasanguinis 20925_1_143
Streptococcus_34494,97.573,Streptococcus n.sp. 27098_8_148
Streptococcus_34494,97.573,Streptococcus parasanguinis 27098_8_150
Streptococcus_34494,97.573,Streptococcus n.sp. 27098_8_177
Streptococcus_34494,97.573,Streptococcus n.sp. 27098_8_186
Streptococcus_34494,97.573,Streptococcus parasanguinis 27098_8_46
Streptococcus_34494,97.573,Streptococcus parasanguinis 27098_8_54
Streptococcus_34494,97.573,Streptococcus n.sp. 27098_8_66
Streptococcus_34494,97.573,Streptococcus n.sp. 27098_8_98
Streptococcus_34494,97.573,Streptococcus n.sp. 27098_8_99
Streptococcus_34494,99.515,Streptococcus pseudopneumoniae 20925_1_26
Streptococcus_34494,97.087,Streptococcus n.sp. 20925_1_22
Streptococcus_34494,97.087,Streptococcus n.sp. 27098_8_134
Streptococcus_34494,97.087,Streptococcus sanguinis 27098_8_181
Streptococcus_34494,97.087,Streptococcus n.sp. 27098_8_82
Streptococcus_34495,99.515,Streptococcus chosunense 27098_8_53
Streptococcus_34495,99.515,Streptococcus n.sp. 27098_8_86
Streptococcus_34495,97.573,Streptococcus n.sp. 27098_8_113
Streptococcus_34495,97.573,Streptococcus n.sp. 27098_8_73
Streptococcus_34495,97.087,Streptococcus gordonii 27098_8_101
Streptococcus_34495,97.087,Streptococcus n.sp. 27098_8_75
Streptococcus_34495,99.515,Streptococcus n.sp. 20925_1_44
Streptococcus_34495,99.515,Streptococcus n.sp. 27098_8_22
Streptococcus_34495,99.515,Streptococcus n.sp. 27098_8_69
Streptococcus_34495,99.515,Streptococcus n.sp. 27098_8_91
Streptococcus_34495,99.515,Streptococcus n.sp. 20925_1_69
Streptococcus_34495,99.515,Streptococcus n.sp. 27098_8_103
Streptococcus_34495,99.515,Streptococcus n.sp. 27098_8_109
Streptococcus_34495,99.515,Streptococcus n.sp. 27098_8_76
Streptococcus_34495,99.515,Streptococcus mitis 27098_8_87
Streptococcus_34495,99.029,Streptococcus n.sp. 27098_8_23
Streptococcus_34495,99.515,Streptococcus n.sp. 27098_8_51
Streptococcus_34495,99.515,Streptococcus n.sp. 27098_8_70
Streptococcus_34495,97.573,Streptococcus parasanguinis 20925_1_10
Streptococcus_34495,97.573,Streptococcus n.sp. 20925_1_77
Streptococcus_34495,97.573,Streptococcus n.sp. 27098_8_12
Streptococcus_34495,97.573,Streptococcus parasanguinis 20925_1_143
Streptococcus_34495,97.573,Streptococcus n.sp. 27098_8_148
Streptococcus_34495,97.573,Streptococcus parasanguinis 27098_8_150
Streptococcus_34495,97.573,Streptococcus n.sp. 27098_8_177
Streptococcus_34495,97.573,Streptococcus n.sp. 27098_8_186
Streptococcus_34495,97.573,Streptococcus parasanguinis 27098_8_46
Streptococcus_34495,97.573,Streptococcus parasanguinis 27098_8_54
Streptococcus_34495,97.573,Streptococcus n.sp. 27098_8_66
Streptococcus_34495,97.573,Streptococcus n.sp. 27098_8_98
Streptococcus_34495,97.573,Streptococcus n.sp. 27098_8_99
Streptococcus_34495,99.515,Streptococcus pseudopneumoniae 20925_1_26
Streptococcus_34495,97.087,Streptococcus n.sp. 20925_1_22
Streptococcus_34495,97.087,Streptococcus n.sp. 27098_8_134
Streptococcus_34495,97.087,Streptococcus sanguinis 27098_8_181
Streptococcus_34495,97.087,Streptococcus n.sp. 27098_8_82
Streptococcus_34496,99.515,Streptococcus chosunense 27098_8_53
Streptococcus_34496,99.515,Streptococcus n.sp. 27098_8_86
Streptococcus_34496,97.573,Streptococcus n.sp. 27098_8_113
Streptococcus_34496,97.573,Streptococcus n.sp. 27098_8_73
Streptococcus_34496,97.087,Streptococcus gordonii 27098_8_101
Streptococcus_34496,97.087,Streptococcus n.sp. 27098_8_75
Streptococcus_34496,99.515,Streptococcus n.sp. 20925_1_44
Streptococcus_34496,99.515,Streptococcus n.sp. 27098_8_22
Streptococcus_34496,99.515,Streptococcus n.sp. 27098_8_69
Streptococcus_34496,99.515,Streptococcus n.sp. 27098_8_91
Streptococcus_34496,99.515,Streptococcus n.sp. 20925_1_69
Streptococcus_34496,99.515,Streptococcus n.sp. 27098_8_103
Streptococcus_34496,99.515,Streptococcus n.sp. 27098_8_109
Streptococcus_34496,99.515,Streptococcus n.sp. 27098_8_76
Streptococcus_34496,99.515,Streptococcus mitis 27098_8_87
Streptococcus_34496,99.029,Streptococcus n.sp. 27098_8_23
Streptococcus_34496,99.515,Streptococcus n.sp. 27098_8_51
Streptococcus_34496,99.515,Streptococcus n.sp. 27098_8_70
Streptococcus_34496,97.573,Streptococcus parasanguinis 20925_1_10
Streptococcus_34496,97.573,Streptococcus n.sp. 20925_1_77
Streptococcus_34496,97.573,Streptococcus n.sp. 27098_8_12
Streptococcus_34496,97.573,Streptococcus parasanguinis 20925_1_143
Streptococcus_34496,97.573,Streptococcus n.sp. 27098_8_148
Streptococcus_34496,97.573,Streptococcus parasanguinis 27098_8_150
Streptococcus_34496,97.573,Streptococcus n.sp. 27098_8_177
Streptococcus_34496,97.573,Streptococcus n.sp. 27098_8_186
Streptococcus_34496,97.573,Streptococcus parasanguinis 27098_8_46
Streptococcus_34496,97.573,Streptococcus parasanguinis 27098_8_54
Streptococcus_34496,97.573,Streptococcus n.sp. 27098_8_66
Streptococcus_34496,97.573,Streptococcus n.sp. 27098_8_98
Streptococcus_34496,97.573,Streptococcus n.sp. 27098_8_99
Streptococcus_34496,99.515,Streptococcus pseudopneumoniae 20925_1_26
Streptococcus_34496,97.087,Streptococcus n.sp. 20925_1_22
Streptococcus_34496,97.087,Streptococcus n.sp. 27098_8_134
Streptococcus_34496,97.087,Streptococcus sanguinis 27098_8_181
Streptococcus_34496,97.087,Streptococcus n.sp. 27098_8_82
Streptococcus_34497,99.515,Streptococcus chosunense 27098_8_53
Streptococcus_34497,99.515,Streptococcus n.sp. 27098_8_86
Streptococcus_34497,97.573,Streptococcus n.sp. 27098_8_113
Streptococcus_34497,97.573,Streptococcus n.sp. 27098_8_73
Streptococcus_34497,97.087,Streptococcus gordonii 27098_8_101
Streptococcus_34497,97.087,Streptococcus n.sp. 27098_8_75
Streptococcus_34497,99.515,Streptococcus n.sp. 20925_1_44
Streptococcus_34497,99.515,Streptococcus n.sp. 27098_8_22
Streptococcus_34497,99.515,Streptococcus n.sp. 27098_8_69
Streptococcus_34497,99.515,Streptococcus n.sp. 27098_8_91
Streptococcus_34497,99.515,Streptococcus n.sp. 20925_1_69
Streptococcus_34497,99.515,Streptococcus n.sp. 27098_8_103
Streptococcus_34497,99.515,Streptococcus n.sp. 27098_8_109
Streptococcus_34497,99.515,Streptococcus n.sp. 27098_8_76
Streptococcus_34497,99.515,Streptococcus mitis 27098_8_87
Streptococcus_34497,99.029,Streptococcus n.sp. 27098_8_23
Streptococcus_34497,99.515,Streptococcus n.sp. 27098_8_51
Streptococcus_34497,99.515,Streptococcus n.sp. 27098_8_70
Streptococcus_34497,97.573,Streptococcus parasanguinis 20925_1_10
Streptococcus_34497,97.573,Streptococcus n.sp. 20925_1_77
Streptococcus_34497,97.573,Streptococcus n.sp. 27098_8_12
Streptococcus_34497,97.573,Streptococcus parasanguinis 20925_1_143
Streptococcus_34497,97.573,Streptococcus n.sp. 27098_8_148
Streptococcus_34497,97.573,Streptococcus parasanguinis 27098_8_150
Streptococcus_34497,97.573,Streptococcus n.sp. 27098_8_177
Streptococcus_34497,97.573,Streptococcus n.sp. 27098_8_186
Streptococcus_34497,97.573,Streptococcus parasanguinis 27098_8_46
Streptococcus_34497,97.573,Streptococcus parasanguinis 27098_8_54
Streptococcus_34497,97.573,Streptococcus n.sp. 27098_8_66
Streptococcus_34497,97.573,Streptococcus n.sp. 27098_8_98
Streptococcus_34497,97.573,Streptococcus n.sp. 27098_8_99
Streptococcus_34497,99.515,Streptococcus pseudopneumoniae 20925_1_26
Streptococcus_34497,97.087,Streptococcus n.sp. 20925_1_22
Streptococcus_34497,97.087,Streptococcus n.sp. 27098_8_134
Streptococcus_34497,97.087,Streptococcus sanguinis 27098_8_181
Streptococcus_34497,97.087,Streptococcus n.sp. 27098_8_82
Streptococcus_34498,99.515,Streptococcus chosunense 27098_8_53
Streptococcus_34498,99.515,Streptococcus n.sp. 27098_8_86
Streptococcus_34498,97.573,Streptococcus n.sp. 27098_8_113
Streptococcus_34498,97.573,Streptococcus n.sp. 27098_8_73
Streptococcus_34498,97.087,Streptococcus gordonii 27098_8_101
Streptococcus_34498,97.087,Streptococcus n.sp. 27098_8_75
Streptococcus_34498,99.515,Streptococcus n.sp. 20925_1_44
Streptococcus_34498,99.515,Streptococcus n.sp. 27098_8_22
Streptococcus_34498,99.515,Streptococcus n.sp. 27098_8_69
Streptococcus_34498,99.515,Streptococcus n.sp. 27098_8_91
Streptococcus_34498,99.515,Streptococcus n.sp. 20925_1_69
Streptococcus_34498,99.515,Streptococcus n.sp. 27098_8_103
Streptococcus_34498,99.515,Streptococcus n.sp. 27098_8_109
Streptococcus_34498,99.515,Streptococcus n.sp. 27098_8_76
Streptococcus_34498,99.515,Streptococcus mitis 27098_8_87
Streptococcus_34498,99.029,Streptococcus n.sp. 27098_8_23
Streptococcus_34498,99.515,Streptococcus n.sp. 27098_8_51
Streptococcus_34498,99.515,Streptococcus n.sp. 27098_8_70
Streptococcus_34498,97.573,Streptococcus parasanguinis 20925_1_10
Streptococcus_34498,97.573,Streptococcus n.sp. 20925_1_77
Streptococcus_34498,97.573,Streptococcus n.sp. 27098_8_12
Streptococcus_34498,97.573,Streptococcus parasanguinis 20925_1_143
Streptococcus_34498,97.573,Streptococcus n.sp. 27098_8_148
Streptococcus_34498,97.573,Streptococcus parasanguinis 27098_8_150
Streptococcus_34498,97.573,Streptococcus n.sp. 27098_8_177
Streptococcus_34498,97.573,Streptococcus n.sp. 27098_8_186
Streptococcus_34498,97.573,Streptococcus parasanguinis 27098_8_46
Streptococcus_34498,97.573,Streptococcus parasanguinis 27098_8_54
Streptococcus_34498,97.573,Streptococcus n.sp. 27098_8_66
Streptococcus_34498,97.573,Streptococcus n.sp. 27098_8_98
Streptococcus_34498,97.573,Streptococcus n.sp. 27098_8_99
Streptococcus_34498,99.515,Streptococcus pseudopneumoniae 20925_1_26
Streptococcus_34498,97.087,Streptococcus n.sp. 20925_1_22
Streptococcus_34498,97.087,Streptococcus n.sp. 27098_8_134
Streptococcus_34498,97.087,Streptococcus sanguinis 27098_8_181
Streptococcus_34498,97.087,Streptococcus n.sp. 27098_8_82
Streptococcus_34499,99.515,Streptococcus chosunense 27098_8_53
Streptococcus_34499,99.515,Streptococcus n.sp. 27098_8_86
Streptococcus_34499,97.573,Streptococcus n.sp. 27098_8_113
Streptococcus_34499,97.573,Streptococcus n.sp. 27098_8_73
Streptococcus_34499,97.087,Streptococcus gordonii 27098_8_101
Streptococcus_34499,97.087,Streptococcus n.sp. 27098_8_75
Streptococcus_34499,99.515,Streptococcus n.sp. 20925_1_44
Streptococcus_34499,99.515,Streptococcus n.sp. 27098_8_22
Streptococcus_34499,99.515,Streptococcus n.sp. 27098_8_69
Streptococcus_34499,99.515,Streptococcus n.sp. 27098_8_91
Streptococcus_34499,99.515,Streptococcus n.sp. 20925_1_69
Streptococcus_34499,99.515,Streptococcus n.sp. 27098_8_103
Streptococcus_34499,99.515,Streptococcus n.sp. 27098_8_109
Streptococcus_34499,99.515,Streptococcus n.sp. 27098_8_76
Streptococcus_34499,99.515,Streptococcus mitis 27098_8_87
Streptococcus_34499,99.029,Streptococcus n.sp. 27098_8_23
Streptococcus_34499,99.515,Streptococcus n.sp. 27098_8_51
Streptococcus_34499,99.515,Streptococcus n.sp. 27098_8_70
Streptococcus_34499,97.573,Streptococcus parasanguinis 20925_1_10
Streptococcus_34499,97.573,Streptococcus n.sp. 20925_1_77
Streptococcus_34499,97.573,Streptococcus n.sp. 27098_8_12
Streptococcus_34499,97.573,Streptococcus parasanguinis 20925_1_143
Streptococcus_34499,97.573,Streptococcus n.sp. 27098_8_148
Streptococcus_34499,97.573,Streptococcus parasanguinis 27098_8_150
Streptococcus_34499,97.573,Streptococcus n.sp. 27098_8_177
Streptococcus_34499,97.573,Streptococcus n.sp. 27098_8_186
Streptococcus_34499,97.573,Streptococcus parasanguinis 27098_8_46
Streptococcus_34499,97.573,Streptococcus parasanguinis 27098_8_54
Streptococcus_34499,97.573,Streptococcus n.sp. 27098_8_66
Streptococcus_34499,97.573,Streptococcus n.sp. 27098_8_98
Streptococcus_34499,97.573,Streptococcus n.sp. 27098_8_99
Streptococcus_34499,99.515,Streptococcus pseudopneumoniae 20925_1_26
Streptococcus_34499,97.087,Streptococcus n.sp. 20925_1_22
Streptococcus_34499,97.087,Streptococcus n.sp. 27098_8_134
Streptococcus_34499,97.087,Streptococcus sanguinis 27098_8_181
Streptococcus_34499,97.087,Streptococcus n.sp. 27098_8_82
Streptococcus_34500,99.515,Streptococcus chosunense 27098_8_53
Streptococcus_34500,99.515,Streptococcus n.sp. 27098_8_86
Streptococcus_34500,97.573,Streptococcus n.sp. 27098_8_113
Streptococcus_34500,97.573,Streptococcus n.sp. 27098_8_73
Streptococcus_34500,97.087,Streptococcus gordonii 27098_8_101
Streptococcus_34500,97.087,Streptococcus n.sp. 27098_8_75
Streptococcus_34500,99.515,Streptococcus n.sp. 20925_1_44
Streptococcus_34500,99.515,Streptococcus n.sp. 27098_8_22
Streptococcus_34500,99.515,Streptococcus n.sp. 27098_8_69
Streptococcus_34500,99.515,Streptococcus n.sp. 27098_8_91
Streptococcus_34500,99.515,Streptococcus n.sp. 20925_1_69
Streptococcus_34500,99.515,Streptococcus n.sp. 27098_8_103
Streptococcus_34500,99.515,Streptococcus n.sp. 27098_8_109
Streptococcus_34500,99.515,Streptococcus n.sp. 27098_8_76
Streptococcus_34500,99.515,Streptococcus mitis 27098_8_87
Streptococcus_34500,99.029,Streptococcus n.sp. 27098_8_23
Streptococcus_34500,99.515,Streptococcus n.sp. 27098_8_51
Streptococcus_34500,99.515,Streptococcus n.sp. 27098_8_70
Streptococcus_34500,97.573,Streptococcus parasanguinis 20925_1_10
Streptococcus_34500,97.573,Streptococcus n.sp. 20925_1_77
Streptococcus_34500,97.573,Streptococcus n.sp. 27098_8_12
Streptococcus_34500,97.573,Streptococcus parasanguinis 20925_1_143
Streptococcus_34500,97.573,Streptococcus n.sp. 27098_8_148
Streptococcus_34500,97.573,Streptococcus parasanguinis 27098_8_150
Streptococcus_34500,97.573,Streptococcus n.sp. 27098_8_177
Streptococcus_34500,97.573,Streptococcus n.sp. 27098_8_186
Streptococcus_34500,97.573,Streptococcus parasanguinis 27098_8_46
Streptococcus_34500,97.573,Streptococcus parasanguinis 27098_8_54
Streptococcus_34500,97.573,Streptococcus n.sp. 27098_8_66
Streptococcus_34500,97.573,Streptococcus n.sp. 27098_8_98
Streptococcus_34500,97.573,Streptococcus n.sp. 27098_8_99
Streptococcus_34500,99.515,Streptococcus pseudopneumoniae 20925_1_26
Streptococcus_34500,97.087,Streptococcus n.sp. 20925_1_22
Streptococcus_34500,97.087,Streptococcus n.sp. 27098_8_134
Streptococcus_34500,97.087,Streptococcus sanguinis 27098_8_181
Streptococcus_34500,97.087,Streptococcus n.sp. 27098_8_82
Streptococcus_34501,99.515,Streptococcus chosunense 27098_8_53
Streptococcus_34501,99.515,Streptococcus n.sp. 27098_8_86
Streptococcus_34501,97.573,Streptococcus n.sp. 27098_8_113
Streptococcus_34501,97.573,Streptococcus n.sp. 27098_8_73
Streptococcus_34501,99.515,Streptococcus n.sp. 20925_1_44
Streptococcus_34501,99.515,Streptococcus n.sp. 27098_8_22
Streptococcus_34501,99.515,Streptococcus n.sp. 27098_8_69
Streptococcus_34501,99.515,Streptococcus n.sp. 27098_8_91
Streptococcus_34501,99.515,Streptococcus n.sp. 20925_1_69
Streptococcus_34501,99.515,Streptococcus n.sp. 27098_8_103
Streptococcus_34501,99.515,Streptococcus n.sp. 27098_8_109
Streptococcus_34501,99.515,Streptococcus n.sp. 27098_8_76
Streptococcus_34501,99.515,Streptococcus mitis 27098_8_87
Streptococcus_34501,99.029,Streptococcus n.sp. 27098_8_23
Streptococcus_34501,99.515,Streptococcus n.sp. 27098_8_51
Streptococcus_34501,99.515,Streptococcus n.sp. 27098_8_70
Streptococcus_34501,97.573,Streptococcus parasanguinis 20925_1_10
Streptococcus_34501,97.573,Streptococcus n.sp. 20925_1_77
Streptococcus_34501,97.573,Streptococcus n.sp. 27098_8_12
Streptococcus_34501,97.573,Streptococcus parasanguinis 20925_1_143
Streptococcus_34501,97.573,Streptococcus n.sp. 27098_8_148
Streptococcus_34501,97.573,Streptococcus parasanguinis 27098_8_150
Streptococcus_34501,97.573,Streptococcus n.sp. 27098_8_177
Streptococcus_34501,97.573,Streptococcus n.sp. 27098_8_186
Streptococcus_34501,97.573,Streptococcus parasanguinis 27098_8_46
Streptococcus_34501,97.573,Streptococcus parasanguinis 27098_8_54
Streptococcus_34501,97.573,Streptococcus n.sp. 27098_8_66
Streptococcus_34501,97.573,Streptococcus n.sp. 27098_8_98
Streptococcus_34501,97.573,Streptococcus n.sp. 27098_8_99
Streptococcus_34501,99.515,Streptococcus pseudopneumoniae 20925_1_26
Streptococcus_34501,97.087,Streptococcus n.sp. 20925_1_22
Streptococcus_34501,97.087,Streptococcus n.sp. 27098_8_134
Streptococcus_34501,97.087,Streptococcus sanguinis 27098_8_181
Streptococcus_34501,97.087,Streptococcus n.sp. 27098_8_82
Streptococcus_34502,100,Streptococcus chosunense 27098_8_53
Streptococcus_34502,100,Streptococcus n.sp. 27098_8_86
Streptococcus_34502,95.146,Streptococcus constellatus 20925_1_21
Streptococcus_34502,98.058,Streptococcus n.sp. 27098_8_113
Streptococcus_34502,98.058,Streptococcus n.sp. 27098_8_73
Streptococcus_34502,97.573,Streptococcus gordonii 27098_8_101
Streptococcus_34502,97.573,Streptococcus n.sp. 27098_8_75
Streptococcus_34502,100,Streptococcus n.sp. 20925_1_44
Streptococcus_34502,100,Streptococcus n.sp. 27098_8_22
Streptococcus_34502,100,Streptococcus n.sp. 27098_8_69
Streptococcus_34502,100,Streptococcus n.sp. 27098_8_91
Streptococcus_34502,100,Streptococcus n.sp. 20925_1_69
Streptococcus_34502,100,Streptococcus n.sp. 27098_8_103
Streptococcus_34502,100,Streptococcus n.sp. 27098_8_109
Streptococcus_34502,100,Streptococcus n.sp. 27098_8_76
Streptococcus_34502,100,Streptococcus mitis 27098_8_87
Streptococcus_34502,99.515,Streptococcus n.sp. 27098_8_23
Streptococcus_34502,100,Streptococcus n.sp. 27098_8_51
Streptococcus_34502,100,Streptococcus n.sp. 27098_8_70
Streptococcus_34502,98.058,Streptococcus parasanguinis 20925_1_10
Streptococcus_34502,98.058,Streptococcus n.sp. 20925_1_77
Streptococcus_34502,98.058,Streptococcus n.sp. 27098_8_12
Streptococcus_34502,98.058,Streptococcus parasanguinis 20925_1_143
Streptococcus_34502,98.058,Streptococcus n.sp. 27098_8_148
Streptococcus_34502,98.058,Streptococcus parasanguinis 27098_8_150
Streptococcus_34502,98.058,Streptococcus n.sp. 27098_8_177
Streptococcus_34502,98.058,Streptococcus n.sp. 27098_8_186
Streptococcus_34502,98.058,Streptococcus parasanguinis 27098_8_46
Streptococcus_34502,98.058,Streptococcus parasanguinis 27098_8_54
Streptococcus_34502,98.058,Streptococcus n.sp. 27098_8_66
Streptococcus_34502,98.058,Streptococcus n.sp. 27098_8_98
Streptococcus_34502,98.058,Streptococcus n.sp. 27098_8_99
Streptococcus_34502,100,Streptococcus pseudopneumoniae 20925_1_26
Streptococcus_34502,95.146,Streptococcus salivarius 20925_1_11
Streptococcus_34502,95.146,Streptococcus salivarius 20925_1_13
Streptococcus_34502,95.146,Streptococcus salivarius 27098_8_110
Streptococcus_34502,95.146,Streptococcus salivarius 27098_8_117
Streptococcus_34502,95.146,Streptococcus salivarius 27098_8_119
Streptococcus_34502,95.146,Streptococcus salivarius 27098_8_152
Streptococcus_34502,95.146,Streptococcus salivarius 27098_8_153
Streptococcus_34502,95.146,Streptococcus n.sp. 27098_8_74
Streptococcus_34502,97.573,Streptococcus n.sp. 20925_1_22
Streptococcus_34502,97.573,Streptococcus n.sp. 27098_8_134
Streptococcus_34502,97.573,Streptococcus sanguinis 27098_8_181
Streptococcus_34502,97.573,Streptococcus n.sp. 27098_8_82
Streptococcus_34503,99.515,Streptococcus chosunense 27098_8_53
Streptococcus_34503,99.515,Streptococcus n.sp. 27098_8_86
Streptococcus_34503,95.146,Streptococcus constellatus 20925_1_21
Streptococcus_34503,97.573,Streptococcus n.sp. 27098_8_113
Streptococcus_34503,97.573,Streptococcus n.sp. 27098_8_73
Streptococcus_34503,97.087,Streptococcus gordonii 27098_8_101
Streptococcus_34503,97.087,Streptococcus n.sp. 27098_8_75
Streptococcus_34503,99.515,Streptococcus n.sp. 20925_1_44
Streptococcus_34503,99.515,Streptococcus n.sp. 27098_8_22
Streptococcus_34503,99.515,Streptococcus n.sp. 27098_8_69
Streptococcus_34503,99.515,Streptococcus n.sp. 27098_8_91
Streptococcus_34503,99.515,Streptococcus n.sp. 20925_1_69
Streptococcus_34503,99.515,Streptococcus n.sp. 27098_8_103
Streptococcus_34503,99.515,Streptococcus n.sp. 27098_8_109
Streptococcus_34503,99.515,Streptococcus n.sp. 27098_8_76
Streptococcus_34503,99.515,Streptococcus mitis 27098_8_87
Streptococcus_34503,99.029,Streptococcus n.sp. 27098_8_23
Streptococcus_34503,99.515,Streptococcus n.sp. 27098_8_51
Streptococcus_34503,99.515,Streptococcus n.sp. 27098_8_70
Streptococcus_34503,97.573,Streptococcus parasanguinis 20925_1_10
Streptococcus_34503,97.573,Streptococcus n.sp. 20925_1_77
Streptococcus_34503,97.573,Streptococcus n.sp. 27098_8_12
Streptococcus_34503,97.573,Streptococcus parasanguinis 20925_1_143
Streptococcus_34503,97.573,Streptococcus n.sp. 27098_8_148
Streptococcus_34503,97.573,Streptococcus parasanguinis 27098_8_150
Streptococcus_34503,97.573,Streptococcus n.sp. 27098_8_177
Streptococcus_34503,97.573,Streptococcus n.sp. 27098_8_186
Streptococcus_34503,97.573,Streptococcus parasanguinis 27098_8_46
Streptococcus_34503,97.573,Streptococcus parasanguinis 27098_8_54
Streptococcus_34503,97.573,Streptococcus n.sp. 27098_8_66
Streptococcus_34503,97.573,Streptococcus n.sp. 27098_8_98
Streptococcus_34503,97.573,Streptococcus n.sp. 27098_8_99
Streptococcus_34503,99.515,Streptococcus pseudopneumoniae 20925_1_26
Streptococcus_34503,98.058,Streptococcus n.sp. 20925_1_22
Streptococcus_34503,98.058,Streptococcus n.sp. 27098_8_134
Streptococcus_34503,98.058,Streptococcus sanguinis 27098_8_181
Streptococcus_34503,98.058,Streptococcus n.sp. 27098_8_82
Streptococcus_34504,99.515,Streptococcus chosunense 27098_8_53
Streptococcus_34504,99.515,Streptococcus n.sp. 27098_8_86
Streptococcus_34504,97.573,Streptococcus n.sp. 27098_8_113
Streptococcus_34504,97.573,Streptococcus n.sp. 27098_8_73
Streptococcus_34504,97.087,Streptococcus gordonii 27098_8_101
Streptococcus_34504,97.087,Streptococcus n.sp. 27098_8_75
Streptococcus_34504,99.515,Streptococcus n.sp. 20925_1_44
Streptococcus_34504,99.515,Streptococcus n.sp. 27098_8_22
Streptococcus_34504,99.515,Streptococcus n.sp. 27098_8_69
Streptococcus_34504,99.515,Streptococcus n.sp. 27098_8_91
Streptococcus_34504,99.515,Streptococcus n.sp. 20925_1_69
Streptococcus_34504,99.515,Streptococcus n.sp. 27098_8_103
Streptococcus_34504,99.515,Streptococcus n.sp. 27098_8_109
Streptococcus_34504,99.515,Streptococcus n.sp. 27098_8_76
Streptococcus_34504,99.515,Streptococcus mitis 27098_8_87
Streptococcus_34504,99.029,Streptococcus n.sp. 27098_8_23
Streptococcus_34504,99.515,Streptococcus n.sp. 27098_8_51
Streptococcus_34504,99.515,Streptococcus n.sp. 27098_8_70
Streptococcus_34504,97.573,Streptococcus parasanguinis 20925_1_10
Streptococcus_34504,97.573,Streptococcus n.sp. 20925_1_77
Streptococcus_34504,97.573,Streptococcus n.sp. 27098_8_12
Streptococcus_34504,97.573,Streptococcus parasanguinis 20925_1_143
Streptococcus_34504,97.573,Streptococcus n.sp. 27098_8_148
Streptococcus_34504,97.573,Streptococcus parasanguinis 27098_8_150
Streptococcus_34504,97.573,Streptococcus n.sp. 27098_8_177
Streptococcus_34504,97.573,Streptococcus n.sp. 27098_8_186
Streptococcus_34504,97.573,Streptococcus parasanguinis 27098_8_46
Streptococcus_34504,97.573,Streptococcus parasanguinis 27098_8_54
Streptococcus_34504,97.573,Streptococcus n.sp. 27098_8_66
Streptococcus_34504,97.573,Streptococcus n.sp. 27098_8_98
Streptococcus_34504,97.573,Streptococcus n.sp. 27098_8_99
Streptococcus_34504,99.515,Streptococcus pseudopneumoniae 20925_1_26
Streptococcus_34504,97.087,Streptococcus n.sp. 20925_1_22
Streptococcus_34504,97.087,Streptococcus n.sp. 27098_8_134
Streptococcus_34504,97.087,Streptococcus sanguinis 27098_8_181
Streptococcus_34504,97.087,Streptococcus n.sp. 27098_8_82
Streptococcus_34505,99.515,Streptococcus chosunense 27098_8_53
Streptococcus_34505,99.515,Streptococcus n.sp. 27098_8_86
Streptococcus_34505,97.573,Streptococcus n.sp. 27098_8_113
Streptococcus_34505,97.573,Streptococcus n.sp. 27098_8_73
Streptococcus_34505,97.087,Streptococcus gordonii 27098_8_101
Streptococcus_34505,97.087,Streptococcus n.sp. 27098_8_75
Streptococcus_34505,99.515,Streptococcus n.sp. 20925_1_44
Streptococcus_34505,99.515,Streptococcus n.sp. 27098_8_22
Streptococcus_34505,99.515,Streptococcus n.sp. 27098_8_69
Streptococcus_34505,99.515,Streptococcus n.sp. 27098_8_91
Streptococcus_34505,99.515,Streptococcus n.sp. 20925_1_69
Streptococcus_34505,99.515,Streptococcus n.sp. 27098_8_103
Streptococcus_34505,99.515,Streptococcus n.sp. 27098_8_109
Streptococcus_34505,99.515,Streptococcus n.sp. 27098_8_76
Streptococcus_34505,99.515,Streptococcus mitis 27098_8_87
Streptococcus_34505,99.029,Streptococcus n.sp. 27098_8_23
Streptococcus_34505,99.515,Streptococcus n.sp. 27098_8_51
Streptococcus_34505,99.515,Streptococcus n.sp. 27098_8_70
Streptococcus_34505,97.573,Streptococcus parasanguinis 20925_1_10
Streptococcus_34505,97.573,Streptococcus n.sp. 20925_1_77
Streptococcus_34505,97.573,Streptococcus n.sp. 27098_8_12
Streptococcus_34505,97.573,Streptococcus parasanguinis 20925_1_143
Streptococcus_34505,97.573,Streptococcus n.sp. 27098_8_148
Streptococcus_34505,97.573,Streptococcus parasanguinis 27098_8_150
Streptococcus_34505,97.573,Streptococcus n.sp. 27098_8_177
Streptococcus_34505,97.573,Streptococcus n.sp. 27098_8_186
Streptococcus_34505,97.573,Streptococcus parasanguinis 27098_8_46
Streptococcus_34505,97.573,Streptococcus parasanguinis 27098_8_54
Streptococcus_34505,97.573,Streptococcus n.sp. 27098_8_66
Streptococcus_34505,97.573,Streptococcus n.sp. 27098_8_98
Streptococcus_34505,97.573,Streptococcus n.sp. 27098_8_99
Streptococcus_34505,99.515,Streptococcus pseudopneumoniae 20925_1_26
Streptococcus_34505,97.087,Streptococcus n.sp. 20925_1_22
Streptococcus_34505,97.087,Streptococcus n.sp. 27098_8_134
Streptococcus_34505,97.087,Streptococcus sanguinis 27098_8_181
Streptococcus_34505,97.087,Streptococcus n.sp. 27098_8_82
Streptococcus_34506,99.029,Streptococcus chosunense 27098_8_53
Streptococcus_34506,99.029,Streptococcus n.sp. 27098_8_86
Streptococcus_34506,95.146,Streptococcus constellatus 20925_1_21
Streptococcus_34506,97.087,Streptococcus n.sp. 27098_8_113
Streptococcus_34506,97.087,Streptococcus n.sp. 27098_8_73
Streptococcus_34506,96.602,Streptococcus gordonii 27098_8_101
Streptococcus_34506,96.602,Streptococcus n.sp. 27098_8_75
Streptococcus_34506,99.029,Streptococcus n.sp. 20925_1_44
Streptococcus_34506,99.029,Streptococcus n.sp. 27098_8_22
Streptococcus_34506,99.029,Streptococcus n.sp. 27098_8_69
Streptococcus_34506,99.029,Streptococcus n.sp. 27098_8_91
Streptococcus_34506,99.029,Streptococcus n.sp. 20925_1_69
Streptococcus_34506,99.029,Streptococcus n.sp. 27098_8_103
Streptococcus_34506,99.029,Streptococcus n.sp. 27098_8_109
Streptococcus_34506,99.029,Streptococcus n.sp. 27098_8_76
Streptococcus_34506,99.029,Streptococcus mitis 27098_8_87
Streptococcus_34506,98.544,Streptococcus n.sp. 27098_8_23
Streptococcus_34506,99.029,Streptococcus n.sp. 27098_8_51
Streptococcus_34506,99.029,Streptococcus n.sp. 27098_8_70
Streptococcus_34506,97.087,Streptococcus parasanguinis 20925_1_10
Streptococcus_34506,97.087,Streptococcus n.sp. 20925_1_77
Streptococcus_34506,97.087,Streptococcus n.sp. 27098_8_12
Streptococcus_34506,97.087,Streptococcus parasanguinis 20925_1_143
Streptococcus_34506,97.087,Streptococcus n.sp. 27098_8_148
Streptococcus_34506,97.087,Streptococcus parasanguinis 27098_8_150
Streptococcus_34506,97.087,Streptococcus n.sp. 27098_8_177
Streptococcus_34506,97.087,Streptococcus n.sp. 27098_8_186
Streptococcus_34506,97.087,Streptococcus parasanguinis 27098_8_46
Streptococcus_34506,97.087,Streptococcus parasanguinis 27098_8_54
Streptococcus_34506,97.087,Streptococcus n.sp. 27098_8_66
Streptococcus_34506,97.087,Streptococcus n.sp. 27098_8_98
Streptococcus_34506,97.087,Streptococcus n.sp. 27098_8_99
Streptococcus_34506,99.029,Streptococcus pseudopneumoniae 20925_1_26
Streptococcus_34506,97.087,Streptococcus n.sp. 20925_1_22
Streptococcus_34506,97.087,Streptococcus n.sp. 27098_8_134
Streptococcus_34506,97.087,Streptococcus sanguinis 27098_8_181
Streptococcus_34506,97.087,Streptococcus n.sp. 27098_8_82
Streptococcus_34508,99.029,Streptococcus chosunense 27098_8_53
Streptococcus_34508,99.029,Streptococcus n.sp. 27098_8_86
Streptococcus_34508,97.087,Streptococcus n.sp. 27098_8_113
Streptococcus_34508,97.087,Streptococcus n.sp. 27098_8_73
Streptococcus_34508,96.602,Streptococcus gordonii 27098_8_101
Streptococcus_34508,96.602,Streptococcus n.sp. 27098_8_75
Streptococcus_34508,99.029,Streptococcus n.sp. 20925_1_44
Streptococcus_34508,99.029,Streptococcus n.sp. 27098_8_22
Streptococcus_34508,99.029,Streptococcus n.sp. 27098_8_69
Streptococcus_34508,99.029,Streptococcus n.sp. 27098_8_91
Streptococcus_34508,99.029,Streptococcus n.sp. 20925_1_69
Streptococcus_34508,99.029,Streptococcus n.sp. 27098_8_103
Streptococcus_34508,99.029,Streptococcus n.sp. 27098_8_109
Streptococcus_34508,99.029,Streptococcus n.sp. 27098_8_76
Streptococcus_34508,99.029,Streptococcus mitis 27098_8_87
Streptococcus_34508,98.544,Streptococcus n.sp. 27098_8_23
Streptococcus_34508,99.029,Streptococcus n.sp. 27098_8_51
Streptococcus_34508,99.029,Streptococcus n.sp. 27098_8_70
Streptococcus_34508,97.087,Streptococcus parasanguinis 20925_1_10
Streptococcus_34508,97.087,Streptococcus n.sp. 20925_1_77
Streptococcus_34508,97.087,Streptococcus n.sp. 27098_8_12
Streptococcus_34508,97.087,Streptococcus parasanguinis 20925_1_143
Streptococcus_34508,97.087,Streptococcus n.sp. 27098_8_148
Streptococcus_34508,97.087,Streptococcus parasanguinis 27098_8_150
Streptococcus_34508,97.087,Streptococcus n.sp. 27098_8_177
Streptococcus_34508,97.087,Streptococcus n.sp. 27098_8_186
Streptococcus_34508,97.087,Streptococcus parasanguinis 27098_8_46
Streptococcus_34508,97.087,Streptococcus parasanguinis 27098_8_54
Streptococcus_34508,97.087,Streptococcus n.sp. 27098_8_66
Streptococcus_34508,97.087,Streptococcus n.sp. 27098_8_98
Streptococcus_34508,97.087,Streptococcus n.sp. 27098_8_99
Streptococcus_34508,99.029,Streptococcus pseudopneumoniae 20925_1_26
Streptococcus_34508,96.602,Streptococcus n.sp. 20925_1_22
Streptococcus_34508,96.602,Streptococcus n.sp. 27098_8_134
Streptococcus_34508,96.602,Streptococcus sanguinis 27098_8_181
Streptococcus_34508,96.602,Streptococcus n.sp. 27098_8_82
Streptococcus_34509,99.515,Streptococcus chosunense 27098_8_53
Streptococcus_34509,99.515,Streptococcus n.sp. 27098_8_86
Streptococcus_34509,97.573,Streptococcus n.sp. 27098_8_113
Streptococcus_34509,97.573,Streptococcus n.sp. 27098_8_73
Streptococcus_34509,97.087,Streptococcus gordonii 27098_8_101
Streptococcus_34509,97.087,Streptococcus n.sp. 27098_8_75
Streptococcus_34509,99.515,Streptococcus n.sp. 20925_1_44
Streptococcus_34509,99.515,Streptococcus n.sp. 27098_8_22
Streptococcus_34509,99.515,Streptococcus n.sp. 27098_8_69
Streptococcus_34509,99.515,Streptococcus n.sp. 27098_8_91
Streptococcus_34509,99.515,Streptococcus n.sp. 20925_1_69
Streptococcus_34509,99.515,Streptococcus n.sp. 27098_8_103
Streptococcus_34509,99.515,Streptococcus n.sp. 27098_8_109
Streptococcus_34509,99.515,Streptococcus n.sp. 27098_8_76
Streptococcus_34509,99.515,Streptococcus mitis 27098_8_87
Streptococcus_34509,99.029,Streptococcus n.sp. 27098_8_23
Streptococcus_34509,99.515,Streptococcus n.sp. 27098_8_51
Streptococcus_34509,99.515,Streptococcus n.sp. 27098_8_70
Streptococcus_34509,97.573,Streptococcus parasanguinis 20925_1_10
Streptococcus_34509,97.573,Streptococcus n.sp. 20925_1_77
Streptococcus_34509,97.573,Streptococcus n.sp. 27098_8_12
Streptococcus_34509,97.573,Streptococcus parasanguinis 20925_1_143
Streptococcus_34509,97.573,Streptococcus n.sp. 27098_8_148
Streptococcus_34509,97.573,Streptococcus parasanguinis 27098_8_150
Streptococcus_34509,97.573,Streptococcus n.sp. 27098_8_177
Streptococcus_34509,97.573,Streptococcus n.sp. 27098_8_186
Streptococcus_34509,97.573,Streptococcus parasanguinis 27098_8_46
Streptococcus_34509,97.573,Streptococcus parasanguinis 27098_8_54
Streptococcus_34509,97.573,Streptococcus n.sp. 27098_8_66
Streptococcus_34509,97.573,Streptococcus n.sp. 27098_8_98
Streptococcus_34509,97.573,Streptococcus n.sp. 27098_8_99
Streptococcus_34509,99.515,Streptococcus pseudopneumoniae 20925_1_26
Streptococcus_34509,97.087,Streptococcus n.sp. 20925_1_22
Streptococcus_34509,97.087,Streptococcus n.sp. 27098_8_134
Streptococcus_34509,97.087,Streptococcus sanguinis 27098_8_181
Streptococcus_34509,97.087,Streptococcus n.sp. 27098_8_82
Streptococcus_34511,99.515,Streptococcus chosunense 27098_8_53
Streptococcus_34511,99.515,Streptococcus n.sp. 27098_8_86
Streptococcus_34511,97.573,Streptococcus n.sp. 27098_8_113
Streptococcus_34511,97.573,Streptococcus n.sp. 27098_8_73
Streptococcus_34511,97.087,Streptococcus gordonii 27098_8_101
Streptococcus_34511,97.087,Streptococcus n.sp. 27098_8_75
Streptococcus_34511,99.515,Streptococcus n.sp. 20925_1_44
Streptococcus_34511,99.515,Streptococcus n.sp. 27098_8_22
Streptococcus_34511,99.515,Streptococcus n.sp. 27098_8_69
Streptococcus_34511,99.515,Streptococcus n.sp. 27098_8_91
Streptococcus_34511,99.515,Streptococcus n.sp. 20925_1_69
Streptococcus_34511,99.515,Streptococcus n.sp. 27098_8_103
Streptococcus_34511,99.515,Streptococcus n.sp. 27098_8_109
Streptococcus_34511,99.515,Streptococcus n.sp. 27098_8_76
Streptococcus_34511,99.515,Streptococcus mitis 27098_8_87
Streptococcus_34511,99.029,Streptococcus n.sp. 27098_8_23
Streptococcus_34511,99.515,Streptococcus n.sp. 27098_8_51
Streptococcus_34511,99.515,Streptococcus n.sp. 27098_8_70
Streptococcus_34511,97.573,Streptococcus parasanguinis 20925_1_10
Streptococcus_34511,97.573,Streptococcus n.sp. 20925_1_77
Streptococcus_34511,97.573,Streptococcus n.sp. 27098_8_12
Streptococcus_34511,97.573,Streptococcus parasanguinis 20925_1_143
Streptococcus_34511,97.573,Streptococcus n.sp. 27098_8_148
Streptococcus_34511,97.573,Streptococcus parasanguinis 27098_8_150
Streptococcus_34511,97.573,Streptococcus n.sp. 27098_8_177
Streptococcus_34511,97.573,Streptococcus n.sp. 27098_8_186
Streptococcus_34511,97.573,Streptococcus parasanguinis 27098_8_46
Streptococcus_34511,97.573,Streptococcus parasanguinis 27098_8_54
Streptococcus_34511,97.573,Streptococcus n.sp. 27098_8_66
Streptococcus_34511,97.573,Streptococcus n.sp. 27098_8_98
Streptococcus_34511,97.573,Streptococcus n.sp. 27098_8_99
Streptococcus_34511,99.515,Streptococcus pseudopneumoniae 20925_1_26
Streptococcus_34511,97.087,Streptococcus n.sp. 20925_1_22
Streptococcus_34511,97.087,Streptococcus n.sp. 27098_8_134
Streptococcus_34511,97.087,Streptococcus sanguinis 27098_8_181
Streptococcus_34511,97.087,Streptococcus n.sp. 27098_8_82
Streptococcus_34557,99.515,Streptococcus chosunense 27098_8_53
Streptococcus_34557,99.515,Streptococcus n.sp. 27098_8_86
Streptococcus_34557,97.573,Streptococcus n.sp. 27098_8_113
Streptococcus_34557,97.573,Streptococcus n.sp. 27098_8_73
Streptococcus_34557,97.087,Streptococcus gordonii 27098_8_101
Streptococcus_34557,97.087,Streptococcus n.sp. 27098_8_75
Streptococcus_34557,99.515,Streptococcus n.sp. 20925_1_44
Streptococcus_34557,99.515,Streptococcus n.sp. 27098_8_22
Streptococcus_34557,99.515,Streptococcus n.sp. 27098_8_69
Streptococcus_34557,99.515,Streptococcus n.sp. 27098_8_91
Streptococcus_34557,99.515,Streptococcus n.sp. 20925_1_69
Streptococcus_34557,99.515,Streptococcus n.sp. 27098_8_103
Streptococcus_34557,99.515,Streptococcus n.sp. 27098_8_109
Streptococcus_34557,99.515,Streptococcus n.sp. 27098_8_76
Streptococcus_34557,99.515,Streptococcus mitis 27098_8_87
Streptococcus_34557,99.029,Streptococcus n.sp. 27098_8_23
Streptococcus_34557,99.515,Streptococcus n.sp. 27098_8_51
Streptococcus_34557,99.515,Streptococcus n.sp. 27098_8_70
Streptococcus_34557,97.573,Streptococcus parasanguinis 20925_1_10
Streptococcus_34557,97.573,Streptococcus n.sp. 20925_1_77
Streptococcus_34557,97.573,Streptococcus n.sp. 27098_8_12
Streptococcus_34557,97.573,Streptococcus parasanguinis 20925_1_143
Streptococcus_34557,97.573,Streptococcus n.sp. 27098_8_148
Streptococcus_34557,97.573,Streptococcus parasanguinis 27098_8_150
Streptococcus_34557,97.573,Streptococcus n.sp. 27098_8_177
Streptococcus_34557,97.573,Streptococcus n.sp. 27098_8_186
Streptococcus_34557,97.573,Streptococcus parasanguinis 27098_8_46
Streptococcus_34557,97.573,Streptococcus parasanguinis 27098_8_54
Streptococcus_34557,97.573,Streptococcus n.sp. 27098_8_66
Streptococcus_34557,97.573,Streptococcus n.sp. 27098_8_98
Streptococcus_34557,97.573,Streptococcus n.sp. 27098_8_99
Streptococcus_34557,99.515,Streptococcus pseudopneumoniae 20925_1_26
Streptococcus_34557,97.087,Streptococcus n.sp. 20925_1_22
Streptococcus_34557,97.087,Streptococcus n.sp. 27098_8_134
Streptococcus_34557,97.087,Streptococcus sanguinis 27098_8_181
Streptococcus_34557,97.087,Streptococcus n.sp. 27098_8_82
Streptococcus_34558,99.029,Streptococcus chosunense 27098_8_53
Streptococcus_34558,99.029,Streptococcus n.sp. 27098_8_86
Streptococcus_34558,97.087,Streptococcus n.sp. 27098_8_113
Streptococcus_34558,97.087,Streptococcus n.sp. 27098_8_73
Streptococcus_34558,96.602,Streptococcus gordonii 27098_8_101
Streptococcus_34558,96.602,Streptococcus n.sp. 27098_8_75
Streptococcus_34558,99.029,Streptococcus n.sp. 20925_1_44
Streptococcus_34558,99.029,Streptococcus n.sp. 27098_8_22
Streptococcus_34558,99.029,Streptococcus n.sp. 27098_8_69
Streptococcus_34558,99.029,Streptococcus n.sp. 27098_8_91
Streptococcus_34558,99.029,Streptococcus n.sp. 20925_1_69
Streptococcus_34558,99.029,Streptococcus n.sp. 27098_8_103
Streptococcus_34558,99.029,Streptococcus n.sp. 27098_8_109
Streptococcus_34558,99.029,Streptococcus n.sp. 27098_8_76
Streptococcus_34558,99.029,Streptococcus mitis 27098_8_87
Streptococcus_34558,98.544,Streptococcus n.sp. 27098_8_23
Streptococcus_34558,99.029,Streptococcus n.sp. 27098_8_51
Streptococcus_34558,99.029,Streptococcus n.sp. 27098_8_70
Streptococcus_34558,97.087,Streptococcus parasanguinis 20925_1_10
Streptococcus_34558,97.087,Streptococcus n.sp. 20925_1_77
Streptococcus_34558,97.087,Streptococcus n.sp. 27098_8_12
Streptococcus_34558,97.087,Streptococcus parasanguinis 20925_1_143
Streptococcus_34558,97.087,Streptococcus n.sp. 27098_8_148
Streptococcus_34558,97.087,Streptococcus parasanguinis 27098_8_150
Streptococcus_34558,97.087,Streptococcus n.sp. 27098_8_177
Streptococcus_34558,97.087,Streptococcus n.sp. 27098_8_186
Streptococcus_34558,97.087,Streptococcus parasanguinis 27098_8_46
Streptococcus_34558,97.087,Streptococcus parasanguinis 27098_8_54
Streptococcus_34558,97.087,Streptococcus n.sp. 27098_8_66
Streptococcus_34558,97.087,Streptococcus n.sp. 27098_8_98
Streptococcus_34558,97.087,Streptococcus n.sp. 27098_8_99
Streptococcus_34558,99.029,Streptococcus pseudopneumoniae 20925_1_26
Streptococcus_34558,96.602,Streptococcus n.sp. 20925_1_22
Streptococcus_34558,96.602,Streptococcus n.sp. 27098_8_134
Streptococcus_34558,96.602,Streptococcus sanguinis 27098_8_181
Streptococcus_34558,96.602,Streptococcus n.sp. 27098_8_82
Streptococcus_34561,99.029,Streptococcus chosunense 27098_8_53
Streptococcus_34561,99.029,Streptococcus n.sp. 27098_8_86
Streptococcus_34561,97.087,Streptococcus n.sp. 27098_8_113
Streptococcus_34561,97.087,Streptococcus n.sp. 27098_8_73
Streptococcus_34561,96.602,Streptococcus gordonii 27098_8_101
Streptococcus_34561,96.602,Streptococcus n.sp. 27098_8_75
Streptococcus_34561,99.029,Streptococcus n.sp. 20925_1_44
Streptococcus_34561,99.029,Streptococcus n.sp. 27098_8_22
Streptococcus_34561,99.029,Streptococcus n.sp. 27098_8_69
Streptococcus_34561,99.029,Streptococcus n.sp. 27098_8_91
Streptococcus_34561,99.029,Streptococcus n.sp. 20925_1_69
Streptococcus_34561,99.029,Streptococcus n.sp. 27098_8_103
Streptococcus_34561,99.029,Streptococcus n.sp. 27098_8_109
Streptococcus_34561,99.029,Streptococcus n.sp. 27098_8_76
Streptococcus_34561,99.029,Streptococcus mitis 27098_8_87
Streptococcus_34561,98.544,Streptococcus n.sp. 27098_8_23
Streptococcus_34561,99.029,Streptococcus n.sp. 27098_8_51
Streptococcus_34561,99.029,Streptococcus n.sp. 27098_8_70
Streptococcus_34561,97.087,Streptococcus parasanguinis 20925_1_10
Streptococcus_34561,97.087,Streptococcus n.sp. 20925_1_77
Streptococcus_34561,97.087,Streptococcus n.sp. 27098_8_12
Streptococcus_34561,97.087,Streptococcus parasanguinis 20925_1_143
Streptococcus_34561,97.087,Streptococcus n.sp. 27098_8_148
Streptococcus_34561,97.087,Streptococcus parasanguinis 27098_8_150
Streptococcus_34561,97.087,Streptococcus n.sp. 27098_8_177
Streptococcus_34561,97.087,Streptococcus n.sp. 27098_8_186
Streptococcus_34561,97.087,Streptococcus parasanguinis 27098_8_46
Streptococcus_34561,97.087,Streptococcus parasanguinis 27098_8_54
Streptococcus_34561,97.087,Streptococcus n.sp. 27098_8_66
Streptococcus_34561,97.087,Streptococcus n.sp. 27098_8_98
Streptococcus_34561,97.087,Streptococcus n.sp. 27098_8_99
Streptococcus_34561,99.029,Streptococcus pseudopneumoniae 20925_1_26
Streptococcus_34561,96.602,Streptococcus n.sp. 20925_1_22
Streptococcus_34561,96.602,Streptococcus n.sp. 27098_8_134
Streptococcus_34561,96.602,Streptococcus sanguinis 27098_8_181
Streptococcus_34561,96.602,Streptococcus n.sp. 27098_8_82
Streptococcus_34562,99.515,Streptococcus chosunense 27098_8_53
Streptococcus_34562,99.515,Streptococcus n.sp. 27098_8_86
Streptococcus_34562,97.573,Streptococcus n.sp. 27098_8_113
Streptococcus_34562,97.573,Streptococcus n.sp. 27098_8_73
Streptococcus_34562,97.087,Streptococcus gordonii 27098_8_101
Streptococcus_34562,97.087,Streptococcus n.sp. 27098_8_75
Streptococcus_34562,99.515,Streptococcus n.sp. 20925_1_44
Streptococcus_34562,99.515,Streptococcus n.sp. 27098_8_22
Streptococcus_34562,99.515,Streptococcus n.sp. 27098_8_69
Streptococcus_34562,99.515,Streptococcus n.sp. 27098_8_91
Streptococcus_34562,99.515,Streptococcus n.sp. 20925_1_69
Streptococcus_34562,99.515,Streptococcus n.sp. 27098_8_103
Streptococcus_34562,99.515,Streptococcus n.sp. 27098_8_109
Streptococcus_34562,99.515,Streptococcus n.sp. 27098_8_76
Streptococcus_34562,99.515,Streptococcus mitis 27098_8_87
Streptococcus_34562,99.029,Streptococcus n.sp. 27098_8_23
Streptococcus_34562,99.515,Streptococcus n.sp. 27098_8_51
Streptococcus_34562,99.515,Streptococcus n.sp. 27098_8_70
Streptococcus_34562,97.573,Streptococcus parasanguinis 20925_1_10
Streptococcus_34562,97.573,Streptococcus n.sp. 20925_1_77
Streptococcus_34562,97.573,Streptococcus n.sp. 27098_8_12
Streptococcus_34562,97.573,Streptococcus parasanguinis 20925_1_143
Streptococcus_34562,97.573,Streptococcus n.sp. 27098_8_148
Streptococcus_34562,97.573,Streptococcus parasanguinis 27098_8_150
Streptococcus_34562,97.573,Streptococcus n.sp. 27098_8_177
Streptococcus_34562,97.573,Streptococcus n.sp. 27098_8_186
Streptococcus_34562,97.573,Streptococcus parasanguinis 27098_8_46
Streptococcus_34562,97.573,Streptococcus parasanguinis 27098_8_54
Streptococcus_34562,97.573,Streptococcus n.sp. 27098_8_66
Streptococcus_34562,97.573,Streptococcus n.sp. 27098_8_98
Streptococcus_34562,97.573,Streptococcus n.sp. 27098_8_99
Streptococcus_34562,99.515,Streptococcus pseudopneumoniae 20925_1_26
Streptococcus_34562,97.087,Streptococcus n.sp. 20925_1_22
Streptococcus_34562,97.087,Streptococcus n.sp. 27098_8_134
Streptococcus_34562,97.087,Streptococcus sanguinis 27098_8_181
Streptococcus_34562,97.087,Streptococcus n.sp. 27098_8_82
Streptococcus_34564,99.515,Streptococcus chosunense 27098_8_53
Streptococcus_34564,99.515,Streptococcus n.sp. 27098_8_86
Streptococcus_34564,97.573,Streptococcus n.sp. 27098_8_113
Streptococcus_34564,97.573,Streptococcus n.sp. 27098_8_73
Streptococcus_34564,97.087,Streptococcus gordonii 27098_8_101
Streptococcus_34564,97.087,Streptococcus n.sp. 27098_8_75
Streptococcus_34564,99.515,Streptococcus n.sp. 20925_1_44
Streptococcus_34564,99.515,Streptococcus n.sp. 27098_8_22
Streptococcus_34564,99.515,Streptococcus n.sp. 27098_8_69
Streptococcus_34564,99.515,Streptococcus n.sp. 27098_8_91
Streptococcus_34564,99.515,Streptococcus n.sp. 20925_1_69
Streptococcus_34564,99.515,Streptococcus n.sp. 27098_8_103
Streptococcus_34564,99.515,Streptococcus n.sp. 27098_8_109
Streptococcus_34564,99.515,Streptococcus n.sp. 27098_8_76
Streptococcus_34564,99.515,Streptococcus mitis 27098_8_87
Streptococcus_34564,99.029,Streptococcus n.sp. 27098_8_23
Streptococcus_34564,99.515,Streptococcus n.sp. 27098_8_51
Streptococcus_34564,99.515,Streptococcus n.sp. 27098_8_70
Streptococcus_34564,97.573,Streptococcus parasanguinis 20925_1_10
Streptococcus_34564,97.573,Streptococcus n.sp. 20925_1_77
Streptococcus_34564,97.573,Streptococcus n.sp. 27098_8_12
Streptococcus_34564,97.573,Streptococcus parasanguinis 20925_1_143
Streptococcus_34564,97.573,Streptococcus n.sp. 27098_8_148
Streptococcus_34564,97.573,Streptococcus parasanguinis 27098_8_150
Streptococcus_34564,97.573,Streptococcus n.sp. 27098_8_177
Streptococcus_34564,97.573,Streptococcus n.sp. 27098_8_186
Streptococcus_34564,97.573,Streptococcus parasanguinis 27098_8_46
Streptococcus_34564,97.573,Streptococcus parasanguinis 27098_8_54
Streptococcus_34564,97.573,Streptococcus n.sp. 27098_8_66
Streptococcus_34564,97.573,Streptococcus n.sp. 27098_8_98
Streptococcus_34564,97.573,Streptococcus n.sp. 27098_8_99
Streptococcus_34564,99.515,Streptococcus pseudopneumoniae 20925_1_26
Streptococcus_34564,95.146,Streptococcus salivarius 20925_1_11
Streptococcus_34564,95.146,Streptococcus salivarius 20925_1_13
Streptococcus_34564,95.146,Streptococcus salivarius 27098_8_110
Streptococcus_34564,95.146,Streptococcus salivarius 27098_8_117
Streptococcus_34564,95.146,Streptococcus salivarius 27098_8_119
Streptococcus_34564,95.146,Streptococcus salivarius 27098_8_152
Streptococcus_34564,95.146,Streptococcus salivarius 27098_8_153
Streptococcus_34564,95.146,Streptococcus n.sp. 27098_8_74
Streptococcus_34564,97.087,Streptococcus n.sp. 20925_1_22
Streptococcus_34564,97.087,Streptococcus n.sp. 27098_8_134
Streptococcus_34564,97.087,Streptococcus sanguinis 27098_8_181
Streptococcus_34564,97.087,Streptococcus n.sp. 27098_8_82
Streptococcus_34567,99.029,Streptococcus chosunense 27098_8_53
Streptococcus_34567,99.029,Streptococcus n.sp. 27098_8_86
Streptococcus_34567,95.146,Streptococcus constellatus 20925_1_21
Streptococcus_34567,98.058,Streptococcus n.sp. 27098_8_113
Streptococcus_34567,98.058,Streptococcus n.sp. 27098_8_73
Streptococcus_34567,97.573,Streptococcus gordonii 27098_8_101
Streptococcus_34567,97.573,Streptococcus n.sp. 27098_8_75
Streptococcus_34567,99.029,Streptococcus n.sp. 20925_1_44
Streptococcus_34567,99.029,Streptococcus n.sp. 27098_8_22
Streptococcus_34567,99.029,Streptococcus n.sp. 27098_8_69
Streptococcus_34567,99.029,Streptococcus n.sp. 27098_8_91
Streptococcus_34567,99.029,Streptococcus n.sp. 20925_1_69
Streptococcus_34567,99.029,Streptococcus n.sp. 27098_8_103
Streptococcus_34567,99.029,Streptococcus n.sp. 27098_8_109
Streptococcus_34567,99.029,Streptococcus n.sp. 27098_8_76
Streptococcus_34567,99.029,Streptococcus mitis 27098_8_87
Streptococcus_34567,98.544,Streptococcus n.sp. 27098_8_23
Streptococcus_34567,99.029,Streptococcus n.sp. 27098_8_51
Streptococcus_34567,99.029,Streptococcus n.sp. 27098_8_70
Streptococcus_34567,98.058,Streptococcus parasanguinis 20925_1_10
Streptococcus_34567,98.058,Streptococcus n.sp. 20925_1_77
Streptococcus_34567,98.058,Streptococcus n.sp. 27098_8_12
Streptococcus_34567,98.058,Streptococcus parasanguinis 20925_1_143
Streptococcus_34567,98.058,Streptococcus n.sp. 27098_8_148
Streptococcus_34567,98.058,Streptococcus parasanguinis 27098_8_150
Streptococcus_34567,98.058,Streptococcus n.sp. 27098_8_177
Streptococcus_34567,98.058,Streptococcus n.sp. 27098_8_186
Streptococcus_34567,98.058,Streptococcus parasanguinis 27098_8_46
Streptococcus_34567,98.058,Streptococcus parasanguinis 27098_8_54
Streptococcus_34567,98.058,Streptococcus n.sp. 27098_8_66
Streptococcus_34567,98.058,Streptococcus n.sp. 27098_8_98
Streptococcus_34567,98.058,Streptococcus n.sp. 27098_8_99
Streptococcus_34567,99.029,Streptococcus pseudopneumoniae 20925_1_26
Streptococcus_34567,95.146,Streptococcus salivarius 20925_1_11
Streptococcus_34567,95.146,Streptococcus salivarius 20925_1_13
Streptococcus_34567,95.146,Streptococcus salivarius 27098_8_110
Streptococcus_34567,95.146,Streptococcus salivarius 27098_8_117
Streptococcus_34567,95.146,Streptococcus salivarius 27098_8_119
Streptococcus_34567,95.146,Streptococcus salivarius 27098_8_152
Streptococcus_34567,95.146,Streptococcus salivarius 27098_8_153
Streptococcus_34567,95.146,Streptococcus n.sp. 27098_8_74
Streptococcus_34567,97.573,Streptococcus n.sp. 20925_1_22
Streptococcus_34567,97.573,Streptococcus n.sp. 27098_8_134
Streptococcus_34567,97.573,Streptococcus sanguinis 27098_8_181
Streptococcus_34567,97.573,Streptococcus n.sp. 27098_8_82
Streptococcus_34568,99.515,Streptococcus chosunense 27098_8_53
Streptococcus_34568,99.515,Streptococcus n.sp. 27098_8_86
Streptococcus_34568,97.573,Streptococcus n.sp. 27098_8_113
Streptococcus_34568,97.573,Streptococcus n.sp. 27098_8_73
Streptococcus_34568,97.087,Streptococcus gordonii 27098_8_101
Streptococcus_34568,97.087,Streptococcus n.sp. 27098_8_75
Streptococcus_34568,99.515,Streptococcus n.sp. 20925_1_44
Streptococcus_34568,99.515,Streptococcus n.sp. 27098_8_22
Streptococcus_34568,99.515,Streptococcus n.sp. 27098_8_69
Streptococcus_34568,99.515,Streptococcus n.sp. 27098_8_91
Streptococcus_34568,99.515,Streptococcus n.sp. 20925_1_69
Streptococcus_34568,99.515,Streptococcus n.sp. 27098_8_103
Streptococcus_34568,99.515,Streptococcus n.sp. 27098_8_109
Streptococcus_34568,99.515,Streptococcus n.sp. 27098_8_76
Streptococcus_34568,99.515,Streptococcus mitis 27098_8_87
Streptococcus_34568,99.029,Streptococcus n.sp. 27098_8_23
Streptococcus_34568,99.515,Streptococcus n.sp. 27098_8_51
Streptococcus_34568,99.515,Streptococcus n.sp. 27098_8_70
Streptococcus_34568,97.573,Streptococcus parasanguinis 20925_1_10
Streptococcus_34568,97.573,Streptococcus n.sp. 20925_1_77
Streptococcus_34568,97.573,Streptococcus n.sp. 27098_8_12
Streptococcus_34568,97.573,Streptococcus parasanguinis 20925_1_143
Streptococcus_34568,97.573,Streptococcus n.sp. 27098_8_148
Streptococcus_34568,97.573,Streptococcus parasanguinis 27098_8_150
Streptococcus_34568,97.573,Streptococcus n.sp. 27098_8_177
Streptococcus_34568,97.573,Streptococcus n.sp. 27098_8_186
Streptococcus_34568,97.573,Streptococcus parasanguinis 27098_8_46
Streptococcus_34568,97.573,Streptococcus parasanguinis 27098_8_54
Streptococcus_34568,97.573,Streptococcus n.sp. 27098_8_66
Streptococcus_34568,97.573,Streptococcus n.sp. 27098_8_98
Streptococcus_34568,97.573,Streptococcus n.sp. 27098_8_99
Streptococcus_34568,99.515,Streptococcus pseudopneumoniae 20925_1_26
Streptococcus_34568,97.087,Streptococcus n.sp. 20925_1_22
Streptococcus_34568,97.087,Streptococcus n.sp. 27098_8_134
Streptococcus_34568,97.087,Streptococcus sanguinis 27098_8_181
Streptococcus_34568,97.087,Streptococcus n.sp. 27098_8_82
Streptococcus_34569,99.515,Streptococcus chosunense 27098_8_53
Streptococcus_34569,99.515,Streptococcus n.sp. 27098_8_86
Streptococcus_34569,97.573,Streptococcus n.sp. 27098_8_113
Streptococcus_34569,97.573,Streptococcus n.sp. 27098_8_73
Streptococcus_34569,97.087,Streptococcus gordonii 27098_8_101
Streptococcus_34569,97.087,Streptococcus n.sp. 27098_8_75
Streptococcus_34569,99.515,Streptococcus n.sp. 20925_1_44
Streptococcus_34569,99.515,Streptococcus n.sp. 27098_8_22
Streptococcus_34569,99.515,Streptococcus n.sp. 27098_8_69
Streptococcus_34569,99.515,Streptococcus n.sp. 27098_8_91
Streptococcus_34569,99.515,Streptococcus n.sp. 20925_1_69
Streptococcus_34569,99.515,Streptococcus n.sp. 27098_8_103
Streptococcus_34569,99.515,Streptococcus n.sp. 27098_8_109
Streptococcus_34569,99.515,Streptococcus n.sp. 27098_8_76
Streptococcus_34569,99.515,Streptococcus mitis 27098_8_87
Streptococcus_34569,99.029,Streptococcus n.sp. 27098_8_23
Streptococcus_34569,99.515,Streptococcus n.sp. 27098_8_51
Streptococcus_34569,99.515,Streptococcus n.sp. 27098_8_70
Streptococcus_34569,97.573,Streptococcus parasanguinis 20925_1_10
Streptococcus_34569,97.573,Streptococcus n.sp. 20925_1_77
Streptococcus_34569,97.573,Streptococcus n.sp. 27098_8_12
Streptococcus_34569,97.573,Streptococcus parasanguinis 20925_1_143
Streptococcus_34569,97.573,Streptococcus n.sp. 27098_8_148
Streptococcus_34569,97.573,Streptococcus parasanguinis 27098_8_150
Streptococcus_34569,97.573,Streptococcus n.sp. 27098_8_177
Streptococcus_34569,97.573,Streptococcus n.sp. 27098_8_186
Streptococcus_34569,97.573,Streptococcus parasanguinis 27098_8_46
Streptococcus_34569,97.573,Streptococcus parasanguinis 27098_8_54
Streptococcus_34569,97.573,Streptococcus n.sp. 27098_8_66
Streptococcus_34569,97.573,Streptococcus n.sp. 27098_8_98
Streptococcus_34569,97.573,Streptococcus n.sp. 27098_8_99
Streptococcus_34569,99.515,Streptococcus pseudopneumoniae 20925_1_26
Streptococcus_34569,97.087,Streptococcus n.sp. 20925_1_22
Streptococcus_34569,97.087,Streptococcus n.sp. 27098_8_134
Streptococcus_34569,97.087,Streptococcus sanguinis 27098_8_181
Streptococcus_34569,97.087,Streptococcus n.sp. 27098_8_82
Streptococcus_34570,99.515,Streptococcus chosunense 27098_8_53
Streptococcus_34570,99.515,Streptococcus n.sp. 27098_8_86
Streptococcus_34570,97.573,Streptococcus n.sp. 27098_8_113
Streptococcus_34570,97.573,Streptococcus n.sp. 27098_8_73
Streptococcus_34570,97.087,Streptococcus gordonii 27098_8_101
Streptococcus_34570,97.087,Streptococcus n.sp. 27098_8_75
Streptococcus_34570,99.515,Streptococcus n.sp. 20925_1_44
Streptococcus_34570,99.515,Streptococcus n.sp. 27098_8_22
Streptococcus_34570,99.515,Streptococcus n.sp. 27098_8_69
Streptococcus_34570,99.515,Streptococcus n.sp. 27098_8_91
Streptococcus_34570,99.515,Streptococcus n.sp. 20925_1_69
Streptococcus_34570,99.515,Streptococcus n.sp. 27098_8_103
Streptococcus_34570,99.515,Streptococcus n.sp. 27098_8_109
Streptococcus_34570,99.515,Streptococcus n.sp. 27098_8_76
Streptococcus_34570,99.515,Streptococcus mitis 27098_8_87
Streptococcus_34570,99.029,Streptococcus n.sp. 27098_8_23
Streptococcus_34570,99.515,Streptococcus n.sp. 27098_8_51
Streptococcus_34570,99.515,Streptococcus n.sp. 27098_8_70
Streptococcus_34570,97.573,Streptococcus parasanguinis 20925_1_10
Streptococcus_34570,97.573,Streptococcus n.sp. 20925_1_77
Streptococcus_34570,97.573,Streptococcus n.sp. 27098_8_12
Streptococcus_34570,97.573,Streptococcus parasanguinis 20925_1_143
Streptococcus_34570,97.573,Streptococcus n.sp. 27098_8_148
Streptococcus_34570,97.573,Streptococcus parasanguinis 27098_8_150
Streptococcus_34570,97.573,Streptococcus n.sp. 27098_8_177
Streptococcus_34570,97.573,Streptococcus n.sp. 27098_8_186
Streptococcus_34570,97.573,Streptococcus parasanguinis 27098_8_46
Streptococcus_34570,97.573,Streptococcus parasanguinis 27098_8_54
Streptococcus_34570,97.573,Streptococcus n.sp. 27098_8_66
Streptococcus_34570,97.573,Streptococcus n.sp. 27098_8_98
Streptococcus_34570,97.573,Streptococcus n.sp. 27098_8_99
Streptococcus_34570,99.515,Streptococcus pseudopneumoniae 20925_1_26
Streptococcus_34570,97.087,Streptococcus n.sp. 20925_1_22
Streptococcus_34570,97.087,Streptococcus n.sp. 27098_8_134
Streptococcus_34570,97.087,Streptococcus sanguinis 27098_8_181
Streptococcus_34570,97.087,Streptococcus n.sp. 27098_8_82
Streptococcus_34571,99.515,Streptococcus chosunense 27098_8_53
Streptococcus_34571,99.515,Streptococcus n.sp. 27098_8_86
Streptococcus_34571,97.573,Streptococcus n.sp. 27098_8_113
Streptococcus_34571,97.573,Streptococcus n.sp. 27098_8_73
Streptococcus_34571,97.087,Streptococcus gordonii 27098_8_101
Streptococcus_34571,97.087,Streptococcus n.sp. 27098_8_75
Streptococcus_34571,99.515,Streptococcus n.sp. 20925_1_44
Streptococcus_34571,99.515,Streptococcus n.sp. 27098_8_22
Streptococcus_34571,99.515,Streptococcus n.sp. 27098_8_69
Streptococcus_34571,99.515,Streptococcus n.sp. 27098_8_91
Streptococcus_34571,99.515,Streptococcus n.sp. 20925_1_69
Streptococcus_34571,99.515,Streptococcus n.sp. 27098_8_103
Streptococcus_34571,99.515,Streptococcus n.sp. 27098_8_109
Streptococcus_34571,99.515,Streptococcus n.sp. 27098_8_76
Streptococcus_34571,99.515,Streptococcus mitis 27098_8_87
Streptococcus_34571,99.029,Streptococcus n.sp. 27098_8_23
Streptococcus_34571,99.515,Streptococcus n.sp. 27098_8_51
Streptococcus_34571,99.515,Streptococcus n.sp. 27098_8_70
Streptococcus_34571,97.573,Streptococcus parasanguinis 20925_1_10
Streptococcus_34571,97.573,Streptococcus n.sp. 20925_1_77
Streptococcus_34571,97.573,Streptococcus n.sp. 27098_8_12
Streptococcus_34571,97.573,Streptococcus parasanguinis 20925_1_143
Streptococcus_34571,97.573,Streptococcus n.sp. 27098_8_148
Streptococcus_34571,97.573,Streptococcus parasanguinis 27098_8_150
Streptococcus_34571,97.573,Streptococcus n.sp. 27098_8_177
Streptococcus_34571,97.573,Streptococcus n.sp. 27098_8_186
Streptococcus_34571,97.573,Streptococcus parasanguinis 27098_8_46
Streptococcus_34571,97.573,Streptococcus parasanguinis 27098_8_54
Streptococcus_34571,97.573,Streptococcus n.sp. 27098_8_66
Streptococcus_34571,97.573,Streptococcus n.sp. 27098_8_98
Streptococcus_34571,97.573,Streptococcus n.sp. 27098_8_99
Streptococcus_34571,99.515,Streptococcus pseudopneumoniae 20925_1_26
Streptococcus_34571,97.087,Streptococcus n.sp. 20925_1_22
Streptococcus_34571,97.087,Streptococcus n.sp. 27098_8_134
Streptococcus_34571,97.087,Streptococcus sanguinis 27098_8_181
Streptococcus_34571,97.087,Streptococcus n.sp. 27098_8_82
